-99.5	0	
-98.5	0	
-97.5	0	
-96.5	0	
-95.5	0	
-94.5	0	
-93.5	0	
-92.5	0	
-91.5	1	
-90.5	0	
-89.5	0	
-88.5	0	
-87.5	1	
-86.5	0	
-85.5	1	
-84.5	0	
-83.5	0	
-82.5	0	
-81.5	0	
-80.5	0	
-79.5	0	
-78.5	0	
-77.5	0	
-76.5	0	
-75.5	2	
-74.5	1	
-73.5	2	
-72.5	0	
-71.5	0	
-70.5	0	
-69.5	0	
-68.5	1	
-67.5	0	
-66.5	1	
-65.5	2	
-64.5	0	
-63.5	0	
-62.5	1	
-61.5	1	
-60.5	6	
-59.5	3	
-58.5	0	
-57.5	3	
-56.5	2	
-55.5	4	
-54.5	3	
-53.5	5	
-52.5	4	
-51.5	3	
-50.5	1	
-49.5	4	
-48.5	5	
-47.5	11	
-46.5	9	
-45.5	7	
-44.5	9	
-43.5	9	
-42.5	9	
-41.5	9	
-40.5	17	
-39.5	17	
-38.5	16	
-37.5	23	
-36.5	16	
-35.5	22	
-34.5	23	
-33.5	29	
-32.5	31	
-31.5	46	
-30.5	52	
-29.5	38	
-28.5	53	
-27.5	53	
-26.5	71	
-25.5	65	
-24.5	72	
-23.5	61	
-22.5	88	
-21.5	85	
-20.5	104	
-19.5	102	
-18.5	100	
-17.5	95	
-16.5	119	
-15.5	147	
-14.5	142	
-13.5	125	
-12.5	148	
-11.5	170	
-10.5	168	
-9.5	158	
-8.5	172	
-7.5	174	
-6.5	170	
-5.5	183	
-4.5	180	
-3.5	197	
-2.5	186	
-1.5	204	
-0.5	201	
0.5	201	
1.5	173	
2.5	197	
3.5	202	
4.5	189	
5.5	211	
6.5	182	
7.5	187	
8.5	174	
9.5	207	
10.5	167	
11.5	150	
12.5	161	
13.5	147	
14.5	157	
15.5	153	
16.5	145	
17.5	97	
18.5	121	
19.5	89	
20.5	128	
21.5	102	
22.5	96	
23.5	84	
24.5	100	
25.5	70	
26.5	75	
27.5	75	
28.5	60	
29.5	46	
30.5	52	
31.5	64	
32.5	34	
33.5	33	
34.5	39	
35.5	32	
36.5	28	
37.5	29	
38.5	26	
39.5	24	
40.5	21	
41.5	18	
42.5	13	
43.5	13	
44.5	7	
45.5	8	
46.5	10	
47.5	6	
48.5	6	
49.5	10	
50.5	3	
51.5	8	
52.5	2	
53.5	5	
54.5	5	
55.5	3	
56.5	3	
57.5	4	
58.5	5	
59.5	1	
60.5	1	
61.5	1	
62.5	0	
63.5	1	
64.5	2	
65.5	3	
66.5	3	
67.5	0	
68.5	1	
69.5	2	
70.5	1	
71.5	2	
72.5	2	
73.5	1	
74.5	2	
75.5	0	
76.5	0	
77.5	1	
78.5	1	
79.5	0	
80.5	0	
81.5	1	
82.5	1	
83.5	0	
84.5	2	
85.5	1	
86.5	0	
87.5	0	
88.5	0	
89.5	0	
90.5	1	
91.5	0	
92.5	0	
93.5	0	
94.5	0	
95.5	1	
96.5	0	
97.5	1	
98.5	0	
99.5	2	
100.5	1	
101.5	0	
102.5	1	
103.5	0	
104.5	2	
105.5	0	
106.5	1	
107.5	0	
108.5	0	
109.5	0	
110.5	0	
111.5	1	
112.5	0	
113.5	0	
114.5	0	
115.5	0	
116.5	0	
117.5	0	
118.5	0	
119.5	1	
120.5	0	
121.5	0	
122.5	0	
123.5	0	
124.5	0	
125.5	0	
126.5	1	
127.5	0	
128.5	0	
129.5	1	
130.5	1	
131.5	0	
132.5	1	
133.5	1	
134.5	0	
135.5	0	
136.5	1	
137.5	1	
138.5	0	
139.5	0	
140.5	0	
141.5	0	
142.5	2	
143.5	1	
144.5	0	
145.5	1	
146.5	0	
147.5	0	
148.5	0	
149.5	1	
150.5	0	
151.5	0	
152.5	0	
153.5	0	
154.5	1	
155.5	0	
156.5	0	
157.5	0	
158.5	1	
159.5	0	
160.5	2	
161.5	3	
162.5	1	
163.5	1	
164.5	0	
165.5	0	
166.5	1	
167.5	0	
168.5	0	
169.5	0	
170.5	0	
171.5	0	
172.5	0	
173.5	1	
174.5	0	
175.5	0	
176.5	0	
177.5	0	
178.5	1	
179.5	0	
180.5	1	
181.5	1	
182.5	1	
183.5	1	
184.5	0	
185.5	0	
186.5	0	
187.5	1	
188.5	0	
189.5	1	
190.5	0	
191.5	3	
192.5	0	
193.5	1	
194.5	2	
195.5	2	
196.5	0	
197.5	0	
198.5	0	
199.5	0	
200.5	0	
201.5	1	
202.5	1	
203.5	2	
204.5	1	
205.5	0	
206.5	0	
207.5	0	
208.5	0	
209.5	1	
210.5	0	
211.5	0	
212.5	1	
213.5	0	
214.5	1	
215.5	0	
216.5	2	
217.5	0	
218.5	1	
219.5	1	
220.5	0	
221.5	1	
222.5	1	
223.5	1	
224.5	0	
225.5	0	
226.5	0	
227.5	0	
228.5	0	
229.5	0	
230.5	0	
231.5	0	
232.5	2	
233.5	0	
234.5	1	
235.5	0	
236.5	0	
237.5	1	
238.5	1	
239.5	1	
240.5	1	
241.5	2	
242.5	1	
243.5	3	
244.5	0	
245.5	1	
246.5	3	
247.5	1	
248.5	3	
249.5	4	
250.5	4	
251.5	1	
252.5	3	
253.5	5	
254.5	7	
255.5	8	
256.5	3	
257.5	2	
258.5	6	
259.5	5	
260.5	4	
261.5	8	
262.5	7	
263.5	4	
264.5	6	
265.5	13	
266.5	10	
267.5	14	
268.5	15	
269.5	13	
270.5	20	
271.5	11	
272.5	11	
273.5	8	
274.5	23	
275.5	27	
276.5	27	
277.5	31	
278.5	30	
279.5	37	
280.5	44	
281.5	41	
282.5	48	
283.5	35	
284.5	55	
285.5	54	
286.5	64	
287.5	68	
288.5	63	
289.5	79	
290.5	84	
291.5	105	
292.5	83	
293.5	104	
294.5	109	
295.5	123	
296.5	131	
297.5	168	
298.5	158	
299.5	164	
300.5	165	
301.5	176	
302.5	190	
303.5	201	
304.5	195	
305.5	226	
306.5	257	
307.5	250	
308.5	262	
309.5	280	
310.5	282	
311.5	340	
312.5	352	
313.5	332	
314.5	365	
315.5	364	
316.5	351	
317.5	405	
318.5	447	
319.5	425	
320.5	436	
321.5	435	
322.5	453	
323.5	456	
324.5	462	
325.5	445	
326.5	477	
327.5	559	
328.5	556	
329.5	545	
330.5	545	
331.5	524	
332.5	518	
333.5	541	
334.5	565	
335.5	554	
336.5	574	
337.5	561	
338.5	535	
339.5	524	
340.5	562	
341.5	534	
342.5	545	
343.5	534	
344.5	551	
345.5	598	
346.5	513	
347.5	513	
348.5	492	
349.5	500	
350.5	506	
351.5	443	
352.5	459	
353.5	466	
354.5	437	
355.5	408	
356.5	415	
357.5	396	
358.5	384	
359.5	365	
360.5	372	
361.5	336	
362.5	322	
363.5	340	
364.5	293	
365.5	288	
366.5	286	
367.5	216	
368.5	245	
369.5	256	
370.5	214	
371.5	207	
372.5	194	
373.5	181	
374.5	188	
375.5	150	
376.5	159	
377.5	156	
378.5	119	
379.5	146	
380.5	115	
381.5	100	
382.5	113	
383.5	82	
384.5	80	
385.5	78	
386.5	68	
387.5	52	
388.5	63	
389.5	53	
390.5	55	
391.5	44	
392.5	50	
393.5	43	
394.5	51	
395.5	30	
396.5	30	
397.5	29	
398.5	29	
399.5	20	
400.5	25	
401.5	20	
402.5	24	
403.5	19	
404.5	14	
405.5	14	
406.5	15	
407.5	12	
408.5	10	
409.5	9	
410.5	14	
411.5	5	
412.5	8	
413.5	14	
414.5	8	
415.5	12	
416.5	7	
417.5	9	
418.5	8	
419.5	4	
420.5	9	
421.5	10	
422.5	2	
423.5	10	
424.5	9	
425.5	7	
426.5	5	
427.5	8	
428.5	3	
429.5	5	
430.5	6	
431.5	5	
432.5	5	
433.5	5	
434.5	8	
435.5	3	
436.5	8	
437.5	2	
438.5	3	
439.5	2	
440.5	7	
441.5	10	
442.5	4	
443.5	6	
444.5	5	
445.5	8	
446.5	5	
447.5	9	
448.5	5	
449.5	5	
450.5	4	
451.5	3	
452.5	6	
453.5	3	
454.5	4	
455.5	5	
456.5	9	
457.5	5	
458.5	8	
459.5	5	
460.5	3	
461.5	5	
462.5	6	
463.5	3	
464.5	3	
465.5	6	
466.5	5	
467.5	10	
468.5	2	
469.5	3	
470.5	4	
471.5	6	
472.5	2	
473.5	10	
474.5	5	
475.5	4	
476.5	1	
477.5	7	
478.5	3	
479.5	5	
480.5	7	
481.5	8	
482.5	10	
483.5	3	
484.5	9	
485.5	7	
486.5	6	
487.5	5	
488.5	6	
489.5	6	
490.5	6	
491.5	5	
492.5	3	
493.5	2	
494.5	4	
495.5	5	
496.5	8	
497.5	10	
498.5	2	
499.5	6	
500.5	5	
501.5	9	
502.5	9	
503.5	4	
504.5	6	
505.5	11	
506.5	5	
507.5	8	
508.5	6	
509.5	3	
510.5	9	
511.5	5	
512.5	3	
513.5	6	
514.5	8	
515.5	9	
516.5	8	
517.5	10	
518.5	7	
519.5	6	
520.5	7	
521.5	3	
522.5	3	
523.5	10	
524.5	5	
525.5	5	
526.5	6	
527.5	4	
528.5	6	
529.5	6	
530.5	5	
531.5	4	
532.5	6	
533.5	8	
534.5	9	
535.5	9	
536.5	6	
537.5	7	
538.5	9	
539.5	9	
540.5	6	
541.5	8	
542.5	5	
543.5	3	
544.5	2	
545.5	8	
546.5	4	
547.5	4	
548.5	6	
549.5	5	
550.5	7	
551.5	6	
552.5	6	
553.5	4	
554.5	10	
555.5	4	
556.5	13	
557.5	5	
558.5	6	
559.5	7	
560.5	11	
561.5	10	
562.5	7	
563.5	9	
564.5	11	
565.5	9	
566.5	7	
567.5	4	
568.5	9	
569.5	6	
570.5	5	
571.5	6	
572.5	8	
573.5	4	
574.5	5	
575.5	10	
576.5	9	
577.5	6	
578.5	11	
579.5	9	
580.5	7	
581.5	12	
582.5	12	
583.5	14	
584.5	16	
585.5	13	
586.5	21	
587.5	13	
588.5	15	
589.5	16	
590.5	18	
591.5	18	
592.5	20	
593.5	19	
594.5	34	
595.5	22	
596.5	29	
597.5	26	
598.5	25	
599.5	31	
600.5	49	
601.5	40	
602.5	55	
603.5	49	
604.5	54	
605.5	59	
606.5	59	
607.5	82	
608.5	67	
609.5	100	
610.5	81	
611.5	96	
612.5	99	
613.5	127	
614.5	117	
615.5	118	
616.5	137	
617.5	126	
618.5	130	
619.5	164	
620.5	171	
621.5	193	
622.5	168	
623.5	221	
624.5	252	
625.5	247	
626.5	252	
627.5	265	
628.5	270	
629.5	276	
630.5	323	
631.5	317	
632.5	342	
633.5	379	
634.5	377	
635.5	370	
636.5	416	
637.5	433	
638.5	443	
639.5	449	
640.5	460	
641.5	509	
642.5	535	
643.5	559	
644.5	572	
645.5	591	
646.5	621	
647.5	584	
648.5	658	
649.5	683	
650.5	640	
651.5	661	
652.5	723	
653.5	731	
654.5	804	
655.5	822	
656.5	840	
657.5	807	
658.5	843	
659.5	860	
660.5	853	
661.5	879	
662.5	857	
663.5	909	
664.5	931	
665.5	985	
666.5	905	
667.5	865	
668.5	968	
669.5	875	
670.5	933	
671.5	925	
672.5	912	
673.5	932	
674.5	999	
675.5	900	
676.5	945	
677.5	923	
678.5	912	
679.5	924	
680.5	915	
681.5	884	
682.5	879	
683.5	910	
684.5	866	
685.5	872	
686.5	795	
687.5	784	
688.5	775	
689.5	811	
690.5	756	
691.5	670	
692.5	726	
693.5	648	
694.5	613	
695.5	611	
696.5	628	
697.5	654	
698.5	596	
699.5	585	
700.5	560	
701.5	554	
702.5	495	
703.5	488	
704.5	484	
705.5	476	
706.5	431	
707.5	457	
708.5	420	
709.5	382	
710.5	370	
711.5	329	
712.5	320	
713.5	336	
714.5	288	
715.5	288	
716.5	241	
717.5	236	
718.5	226	
719.5	227	
720.5	239	
721.5	195	
722.5	182	
723.5	179	
724.5	167	
725.5	150	
726.5	162	
727.5	142	
728.5	135	
729.5	125	
730.5	113	
731.5	125	
732.5	115	
733.5	80	
734.5	84	
735.5	93	
736.5	85	
737.5	60	
738.5	69	
739.5	53	
740.5	64	
741.5	66	
742.5	49	
743.5	46	
744.5	47	
745.5	35	
746.5	38	
747.5	33	
748.5	42	
749.5	31	
750.5	29	
751.5	35	
752.5	32	
753.5	21	
754.5	22	
755.5	26	
756.5	21	
757.5	30	
758.5	21	
759.5	19	
760.5	24	
761.5	22	
762.5	25	
763.5	20	
764.5	17	
765.5	20	
766.5	24	
767.5	18	
768.5	27	
769.5	18	
770.5	29	
771.5	19	
772.5	22	
773.5	16	
774.5	27	
775.5	16	
776.5	19	
777.5	17	
778.5	18	
779.5	16	
780.5	15	
781.5	18	
782.5	23	
783.5	22	
784.5	22	
785.5	14	
786.5	22	
787.5	26	
788.5	17	
789.5	16	
790.5	17	
791.5	27	
792.5	18	
793.5	22	
794.5	15	
795.5	19	
796.5	24	
797.5	21	
798.5	21	
799.5	15	
800.5	22	
801.5	28	
802.5	21	
803.5	31	
804.5	16	
805.5	20	
806.5	31	
807.5	19	
808.5	20	
809.5	25	
810.5	20	
811.5	13	
812.5	31	
813.5	21	
814.5	22	
815.5	30	
816.5	20	
817.5	19	
818.5	19	
819.5	13	
820.5	23	
821.5	22	
822.5	17	
823.5	18	
824.5	29	
825.5	27	
826.5	21	
827.5	16	
828.5	16	
829.5	19	
830.5	19	
831.5	16	
832.5	17	
833.5	17	
834.5	14	
835.5	27	
836.5	19	
837.5	15	
838.5	9	
839.5	21	
840.5	15	
841.5	8	
842.5	21	
843.5	21	
844.5	16	
845.5	11	
846.5	18	
847.5	23	
848.5	12	
849.5	19	
850.5	16	
851.5	19	
852.5	22	
853.5	21	
854.5	18	
855.5	14	
856.5	14	
857.5	20	
858.5	21	
859.5	14	
860.5	17	
861.5	17	
862.5	29	
863.5	21	
864.5	14	
865.5	26	
866.5	18	
867.5	26	
868.5	16	
869.5	19	
870.5	16	
871.5	14	
872.5	19	
873.5	23	
874.5	18	
875.5	24	
876.5	15	
877.5	15	
878.5	22	
879.5	19	
880.5	15	
881.5	18	
882.5	21	
883.5	12	
884.5	18	
885.5	18	
886.5	15	
887.5	20	
888.5	17	
889.5	20	
890.5	32	
891.5	19	
892.5	18	
893.5	23	
894.5	13	
895.5	27	
896.5	27	
897.5	18	
898.5	19	
899.5	16	
900.5	19	
901.5	28	
902.5	19	
903.5	20	
904.5	21	
905.5	28	
906.5	28	
907.5	30	
908.5	25	
909.5	22	
910.5	33	
911.5	29	
912.5	33	
913.5	43	
914.5	30	
915.5	25	
916.5	34	
917.5	38	
918.5	44	
919.5	43	
920.5	37	
921.5	55	
922.5	48	
923.5	47	
924.5	58	
925.5	40	
926.5	61	
927.5	69	
928.5	56	
929.5	57	
930.5	73	
931.5	83	
932.5	78	
933.5	95	
934.5	93	
935.5	113	
936.5	106	
937.5	129	
938.5	138	
939.5	147	
940.5	122	
941.5	153	
942.5	158	
943.5	159	
944.5	197	
945.5	174	
946.5	192	
947.5	224	
948.5	217	
949.5	207	
950.5	239	
951.5	255	
952.5	207	
953.5	268	
954.5	320	
955.5	326	
956.5	328	
957.5	375	
958.5	381	
959.5	382	
960.5	368	
961.5	425	
962.5	414	
963.5	422	
964.5	453	
965.5	477	
966.5	476	
967.5	535	
968.5	531	
969.5	570	
970.5	589	
971.5	603	
972.5	647	
973.5	631	
974.5	659	
975.5	615	
976.5	700	
977.5	714	
978.5	792	
979.5	757	
980.5	766	
981.5	741	
982.5	834	
983.5	804	
984.5	776	
985.5	844	
986.5	896	
987.5	947	
988.5	920	
989.5	929	
990.5	983	
991.5	970	
992.5	973	
993.5	965	
994.5	942	
995.5	945	
996.5	989	
997.5	1028	
998.5	1030	
999.5	1034	
1000.5	1066	
1001.5	1106	
1002.5	1067	
1003.5	1024	
1004.5	1112	
1005.5	1136	
1006.5	1124	
1007.5	1106	
1008.5	1078	
1009.5	1075	
1010.5	1032	
1011.5	1128	
1012.5	1080	
1013.5	1045	
1014.5	1055	
1015.5	1047	
1016.5	1007	
1017.5	1008	
1018.5	990	
1019.5	968	
1020.5	900	
1021.5	949	
1022.5	973	
1023.5	889	
1024.5	942	
1025.5	871	
1026.5	891	
1027.5	886	
1028.5	841	
1029.5	788	
1030.5	861	
1031.5	741	
1032.5	770	
1033.5	710	
1034.5	719	
1035.5	718	
1036.5	641	
1037.5	700	
1038.5	634	
1039.5	648	
1040.5	577	
1041.5	583	
1042.5	600	
1043.5	577	
1044.5	547	
1045.5	510	
1046.5	557	
1047.5	452	
1048.5	426	
1049.5	453	
1050.5	465	
1051.5	414	
1052.5	368	
1053.5	348	
1054.5	343	
1055.5	316	
1056.5	336	
1057.5	296	
1058.5	243	
1059.5	295	
1060.5	269	
1061.5	242	
1062.5	237	
1063.5	224	
1064.5	197	
1065.5	182	
1066.5	179	
1067.5	191	
1068.5	177	
1069.5	186	
1070.5	148	
1071.5	133	
1072.5	121	
1073.5	130	
1074.5	118	
1075.5	133	
1076.5	103	
1077.5	101	
1078.5	109	
1079.5	91	
1080.5	100	
1081.5	94	
1082.5	92	
1083.5	73	
1084.5	61	
1085.5	88	
1086.5	64	
1087.5	57	
1088.5	54	
1089.5	57	
1090.5	52	
1091.5	49	
1092.5	62	
1093.5	46	
1094.5	52	
1095.5	39	
1096.5	40	
1097.5	34	
1098.5	54	
1099.5	43	
1100.5	47	
1101.5	45	
1102.5	49	
1103.5	47	
1104.5	57	
1105.5	43	
1106.5	39	
1107.5	22	
1108.5	28	
1109.5	36	
1110.5	44	
1111.5	39	
1112.5	27	
1113.5	35	
1114.5	31	
1115.5	46	
1116.5	38	
1117.5	42	
1118.5	38	
1119.5	43	
1120.5	30	
1121.5	36	
1122.5	30	
1123.5	40	
1124.5	31	
1125.5	42	
1126.5	38	
1127.5	25	
1128.5	38	
1129.5	36	
1130.5	29	
1131.5	33	
1132.5	40	
1133.5	29	
1134.5	39	
1135.5	50	
1136.5	28	
1137.5	32	
1138.5	40	
1139.5	34	
1140.5	38	
1141.5	27	
1142.5	42	
1143.5	37	
1144.5	39	
1145.5	38	
1146.5	31	
1147.5	34	
1148.5	33	
1149.5	26	
1150.5	36	
1151.5	38	
1152.5	32	
1153.5	38	
1154.5	33	
1155.5	35	
1156.5	36	
1157.5	38	
1158.5	37	
1159.5	46	
1160.5	46	
1161.5	39	
1162.5	32	
1163.5	37	
1164.5	38	
1165.5	37	
1166.5	41	
1167.5	44	
1168.5	34	
1169.5	32	
1170.5	36	
1171.5	32	
1172.5	32	
1173.5	34	
1174.5	36	
1175.5	28	
1176.5	40	
1177.5	36	
1178.5	41	
1179.5	34	
1180.5	27	
1181.5	33	
1182.5	41	
1183.5	31	
1184.5	37	
1185.5	25	
1186.5	28	
1187.5	40	
1188.5	49	
1189.5	34	
1190.5	39	
1191.5	41	
1192.5	34	
1193.5	39	
1194.5	36	
1195.5	36	
1196.5	39	
1197.5	31	
1198.5	44	
1199.5	39	
1200.5	37	
1201.5	42	
1202.5	46	
1203.5	35	
1204.5	27	
1205.5	35	
1206.5	36	
1207.5	40	
1208.5	25	
1209.5	30	
1210.5	31	
1211.5	33	
1212.5	43	
1213.5	31	
1214.5	34	
1215.5	32	
1216.5	30	
1217.5	36	
1218.5	29	
1219.5	36	
1220.5	33	
1221.5	29	
1222.5	38	
1223.5	22	
1224.5	31	
1225.5	31	
1226.5	42	
1227.5	34	
1228.5	42	
1229.5	43	
1230.5	38	
1231.5	38	
1232.5	36	
1233.5	36	
1234.5	33	
1235.5	30	
1236.5	36	
1237.5	49	
1238.5	46	
1239.5	41	
1240.5	48	
1241.5	56	
1242.5	41	
1243.5	50	
1244.5	56	
1245.5	54	
1246.5	43	
1247.5	57	
1248.5	65	
1249.5	50	
1250.5	63	
1251.5	71	
1252.5	65	
1253.5	69	
1254.5	75	
1255.5	76	
1256.5	89	
1257.5	79	
1258.5	77	
1259.5	79	
1260.5	104	
1261.5	92	
1262.5	105	
1263.5	116	
1264.5	120	
1265.5	115	
1266.5	122	
1267.5	138	
1268.5	134	
1269.5	158	
1270.5	185	
1271.5	168	
1272.5	145	
1273.5	167	
1274.5	178	
1275.5	178	
1276.5	199	
1277.5	219	
1278.5	212	
1279.5	223	
1280.5	226	
1281.5	270	
1282.5	271	
1283.5	284	
1284.5	298	
1285.5	315	
1286.5	304	
1287.5	298	
1288.5	328	
1289.5	375	
1290.5	346	
1291.5	399	
1292.5	392	
1293.5	405	
1294.5	411	
1295.5	401	
1296.5	436	
1297.5	464	
1298.5	453	
1299.5	513	
1300.5	477	
1301.5	567	
1302.5	515	
1303.5	558	
1304.5	616	
1305.5	576	
1306.5	581	
1307.5	652	
1308.5	600	
1309.5	642	
1310.5	691	
1311.5	682	
1312.5	689	
1313.5	719	
1314.5	727	
1315.5	745	
1316.5	750	
1317.5	774	
1318.5	731	
1319.5	768	
1320.5	826	
1321.5	843	
1322.5	844	
1323.5	809	
1324.5	858	
1325.5	868	
1326.5	873	
1327.5	873	
1328.5	873	
1329.5	881	
1330.5	922	
1331.5	964	
1332.5	911	
1333.5	923	
1334.5	961	
1335.5	946	
1336.5	908	
1337.5	976	
1338.5	945	
1339.5	915	
1340.5	1014	
1341.5	958	
1342.5	936	
1343.5	919	
1344.5	943	
1345.5	918	
1346.5	939	
1347.5	986	
1348.5	936	
1349.5	934	
1350.5	899	
1351.5	952	
1352.5	874	
1353.5	903	
1354.5	885	
1355.5	842	
1356.5	852	
1357.5	788	
1358.5	816	
1359.5	827	
1360.5	781	
1361.5	822	
1362.5	719	
1363.5	796	
1364.5	751	
1365.5	776	
1366.5	735	
1367.5	720	
1368.5	699	
1369.5	717	
1370.5	625	
1371.5	651	
1372.5	644	
1373.5	618	
1374.5	568	
1375.5	655	
1376.5	566	
1377.5	548	
1378.5	555	
1379.5	504	
1380.5	557	
1381.5	480	
1382.5	479	
1383.5	456	
1384.5	455	
1385.5	410	
1386.5	421	
1387.5	417	
1388.5	410	
1389.5	360	
1390.5	325	
1391.5	367	
1392.5	327	
1393.5	304	
1394.5	300	
1395.5	273	
1396.5	292	
1397.5	274	
1398.5	257	
1399.5	287	
1400.5	242	
1401.5	223	
1402.5	223	
1403.5	233	
1404.5	203	
1405.5	199	
1406.5	179	
1407.5	164	
1408.5	169	
1409.5	167	
1410.5	137	
1411.5	137	
1412.5	145	
1413.5	139	
1414.5	131	
1415.5	123	
1416.5	133	
1417.5	131	
1418.5	94	
1419.5	104	
1420.5	103	
1421.5	107	
1422.5	98	
1423.5	97	
1424.5	77	
1425.5	73	
1426.5	81	
1427.5	80	
1428.5	87	
1429.5	69	
1430.5	74	
1431.5	67	
1432.5	79	
1433.5	64	
1434.5	61	
1435.5	55	
1436.5	56	
1437.5	48	
1438.5	57	
1439.5	54	
1440.5	56	
1441.5	57	
1442.5	55	
1443.5	51	
1444.5	49	
1445.5	62	
1446.5	49	
1447.5	57	
1448.5	47	
1449.5	47	
1450.5	38	
1451.5	41	
1452.5	42	
1453.5	39	
1454.5	43	
1455.5	48	
1456.5	49	
1457.5	50	
1458.5	42	
1459.5	49	
1460.5	42	
1461.5	36	
1462.5	42	
1463.5	47	
1464.5	53	
1465.5	42	
1466.5	42	
1467.5	45	
1468.5	64	
1469.5	41	
1470.5	31	
1471.5	42	
1472.5	36	
1473.5	47	
1474.5	45	
1475.5	42	
1476.5	48	
1477.5	36	
1478.5	47	
1479.5	49	
1480.5	42	
1481.5	56	
1482.5	47	
1483.5	44	
1484.5	37	
1485.5	50	
1486.5	39	
1487.5	53	
1488.5	36	
1489.5	35	
1490.5	54	
1491.5	52	
1492.5	50	
1493.5	44	
1494.5	41	
1495.5	42	
1496.5	52	
1497.5	43	
1498.5	61	
1499.5	37	
1500.5	43	
1501.5	41	
1502.5	46	
1503.5	48	
1504.5	53	
1505.5	51	
1506.5	55	
1507.5	52	
1508.5	47	
1509.5	56	
1510.5	60	
1511.5	39	
1512.5	51	
1513.5	51	
1514.5	42	
1515.5	41	
1516.5	45	
1517.5	47	
1518.5	43	
1519.5	38	
1520.5	48	
1521.5	29	
1522.5	30	
1523.5	37	
1524.5	43	
1525.5	46	
1526.5	44	
1527.5	36	
1528.5	52	
1529.5	58	
1530.5	51	
1531.5	47	
1532.5	38	
1533.5	43	
1534.5	35	
1535.5	37	
1536.5	38	
1537.5	41	
1538.5	43	
1539.5	44	
1540.5	44	
1541.5	45	
1542.5	49	
1543.5	37	
1544.5	44	
1545.5	54	
1546.5	41	
1547.5	36	
1548.5	40	
1549.5	45	
1550.5	39	
1551.5	50	
1552.5	44	
1553.5	39	
1554.5	42	
1555.5	48	
1556.5	49	
1557.5	35	
1558.5	55	
1559.5	48	
1560.5	43	
1561.5	60	
1562.5	59	
1563.5	53	
1564.5	41	
1565.5	65	
1566.5	51	
1567.5	61	
1568.5	56	
1569.5	56	
1570.5	64	
1571.5	55	
1572.5	48	
1573.5	57	
1574.5	61	
1575.5	58	
1576.5	66	
1577.5	71	
1578.5	69	
1579.5	67	
1580.5	61	
1581.5	68	
1582.5	71	
1583.5	70	
1584.5	76	
1585.5	90	
1586.5	80	
1587.5	84	
1588.5	81	
1589.5	100	
1590.5	78	
1591.5	110	
1592.5	101	
1593.5	110	
1594.5	99	
1595.5	93	
1596.5	123	
1597.5	110	
1598.5	147	
1599.5	119	
1600.5	133	
1601.5	139	
1602.5	154	
1603.5	151	
1604.5	173	
1605.5	155	
1606.5	166	
1607.5	188	
1608.5	178	
1609.5	160	
1610.5	181	
1611.5	201	
1612.5	215	
1613.5	221	
1614.5	252	
1615.5	248	
1616.5	259	
1617.5	246	
1618.5	256	
1619.5	277	
1620.5	298	
1621.5	252	
1622.5	263	
1623.5	318	
1624.5	298	
1625.5	321	
1626.5	307	
1627.5	336	
1628.5	351	
1629.5	352	
1630.5	376	
1631.5	395	
1632.5	352	
1633.5	402	
1634.5	435	
1635.5	438	
1636.5	431	
1637.5	425	
1638.5	443	
1639.5	436	
1640.5	471	
1641.5	488	
1642.5	491	
1643.5	458	
1644.5	481	
1645.5	511	
1646.5	524	
1647.5	536	
1648.5	577	
1649.5	558	
1650.5	568	
1651.5	584	
1652.5	538	
1653.5	598	
1654.5	597	
1655.5	622	
1656.5	608	
1657.5	648	
1658.5	632	
1659.5	626	
1660.5	615	
1661.5	647	
1662.5	651	
1663.5	677	
1664.5	640	
1665.5	626	
1666.5	688	
1667.5	701	
1668.5	684	
1669.5	701	
1670.5	638	
1671.5	631	
1672.5	667	
1673.5	623	
1674.5	594	
1675.5	728	
1676.5	671	
1677.5	689	
1678.5	755	
1679.5	707	
1680.5	630	
1681.5	681	
1682.5	639	
1683.5	615	
1684.5	723	
1685.5	608	
1686.5	667	
1687.5	618	
1688.5	679	
1689.5	641	
1690.5	651	
1691.5	589	
1692.5	599	
1693.5	621	
1694.5	586	
1695.5	615	
1696.5	575	
1697.5	571	
1698.5	521	
1699.5	559	
1700.5	583	
1701.5	545	
1702.5	500	
1703.5	512	
1704.5	533	
1705.5	510	
1706.5	479	
1707.5	486	
1708.5	485	
1709.5	459	
1710.5	412	
1711.5	441	
1712.5	415	
1713.5	426	
1714.5	416	
1715.5	411	
1716.5	393	
1717.5	373	
1718.5	353	
1719.5	353	
1720.5	316	
1721.5	358	
1722.5	337	
1723.5	340	
1724.5	325	
1725.5	288	
1726.5	318	
1727.5	297	
1728.5	281	
1729.5	286	
1730.5	270	
1731.5	269	
1732.5	256	
1733.5	244	
1734.5	195	
1735.5	237	
1736.5	231	
1737.5	194	
1738.5	174	
1739.5	178	
1740.5	179	
1741.5	175	
1742.5	155	
1743.5	162	
1744.5	163	
1745.5	170	
1746.5	145	
1747.5	139	
1748.5	109	
1749.5	133	
1750.5	126	
1751.5	125	
1752.5	106	
1753.5	124	
1754.5	109	
1755.5	116	
1756.5	102	
1757.5	86	
1758.5	74	
1759.5	95	
1760.5	104	
1761.5	101	
1762.5	90	
1763.5	82	
1764.5	62	
1765.5	72	
1766.5	74	
1767.5	64	
1768.5	74	
1769.5	57	
1770.5	71	
1771.5	59	
1772.5	74	
1773.5	55	
1774.5	65	
1775.5	57	
1776.5	62	
1777.5	46	
1778.5	57	
1779.5	51	
1780.5	65	
1781.5	60	
1782.5	45	
1783.5	54	
1784.5	36	
1785.5	56	
1786.5	39	
1787.5	51	
1788.5	61	
1789.5	51	
1790.5	48	
1791.5	47	
1792.5	61	
1793.5	53	
1794.5	32	
1795.5	40	
1796.5	48	
1797.5	51	
1798.5	50	
1799.5	54	
1800.5	48	
1801.5	48	
1802.5	53	
1803.5	56	
1804.5	44	
1805.5	36	
1806.5	44	
1807.5	52	
1808.5	42	
1809.5	32	
1810.5	41	
1811.5	47	
1812.5	33	
1813.5	48	
1814.5	54	
1815.5	52	
1816.5	47	
1817.5	44	
1818.5	33	
1819.5	43	
1820.5	44	
1821.5	41	
1822.5	44	
1823.5	29	
1824.5	52	
1825.5	49	
1826.5	38	
1827.5	48	
1828.5	46	
1829.5	57	
1830.5	53	
1831.5	39	
1832.5	43	
1833.5	40	
1834.5	43	
1835.5	41	
1836.5	49	
1837.5	36	
1838.5	34	
1839.5	39	
1840.5	37	
1841.5	42	
1842.5	50	
1843.5	56	
1844.5	43	
1845.5	48	
1846.5	43	
1847.5	43	
1848.5	41	
1849.5	35	
1850.5	40	
1851.5	32	
1852.5	28	
1853.5	45	
1854.5	48	
1855.5	35	
1856.5	31	
1857.5	49	
1858.5	44	
1859.5	37	
1860.5	43	
1861.5	40	
1862.5	45	
1863.5	45	
1864.5	47	
1865.5	37	
1866.5	40	
1867.5	38	
1868.5	43	
1869.5	40	
1870.5	48	
1871.5	47	
1872.5	28	
1873.5	48	
1874.5	39	
1875.5	35	
1876.5	45	
1877.5	39	
1878.5	47	
1879.5	35	
1880.5	40	
1881.5	44	
1882.5	47	
1883.5	40	
1884.5	47	
1885.5	45	
1886.5	39	
1887.5	34	
1888.5	51	
1889.5	44	
1890.5	36	
1891.5	46	
1892.5	53	
1893.5	38	
1894.5	41	
1895.5	42	
1896.5	37	
1897.5	59	
1898.5	43	
1899.5	51	
1900.5	36	
1901.5	39	
1902.5	62	
1903.5	45	
1904.5	65	
1905.5	47	
1906.5	65	
1907.5	55	
1908.5	69	
1909.5	47	
1910.5	58	
1911.5	65	
1912.5	67	
1913.5	65	
1914.5	64	
1915.5	67	
1916.5	79	
1917.5	65	
1918.5	59	
1919.5	77	
1920.5	90	
1921.5	79	
1922.5	82	
1923.5	71	
1924.5	88	
1925.5	89	
1926.5	90	
1927.5	108	
1928.5	93	
1929.5	93	
1930.5	117	
1931.5	91	
1932.5	109	
1933.5	124	
1934.5	122	
1935.5	122	
1936.5	143	
1937.5	144	
1938.5	123	
1939.5	117	
1940.5	132	
1941.5	138	
1942.5	173	
1943.5	147	
1944.5	149	
1945.5	163	
1946.5	151	
1947.5	167	
1948.5	170	
1949.5	167	
1950.5	197	
1951.5	195	
1952.5	180	
1953.5	222	
1954.5	199	
1955.5	174	
1956.5	231	
1957.5	230	
1958.5	230	
1959.5	218	
1960.5	225	
1961.5	239	
1962.5	235	
1963.5	225	
1964.5	238	
1965.5	262	
1966.5	251	
1967.5	279	
1968.5	288	
1969.5	261	
1970.5	289	
1971.5	273	
1972.5	290	
1973.5	333	
1974.5	320	
1975.5	307	
1976.5	328	
1977.5	305	
1978.5	332	
1979.5	345	
1980.5	331	
1981.5	352	
1982.5	389	
1983.5	368	
1984.5	334	
1985.5	376	
1986.5	374	
1987.5	413	
1988.5	383	
1989.5	369	
1990.5	408	
1991.5	391	
1992.5	410	
1993.5	389	
1994.5	421	
1995.5	362	
1996.5	419	
1997.5	400	
1998.5	378	
1999.5	403	
2000.5	423	
2001.5	457	
2002.5	420	
2003.5	373	
2004.5	423	
2005.5	443	
2006.5	443	
2007.5	431	
2008.5	399	
2009.5	416	
2010.5	428	
2011.5	397	
2012.5	387	
2013.5	439	
2014.5	446	
2015.5	419	
2016.5	406	
2017.5	382	
2018.5	405	
2019.5	383	
2020.5	378	
2021.5	403	
2022.5	373	
2023.5	411	
2024.5	419	
2025.5	403	
2026.5	380	
2027.5	373	
2028.5	387	
2029.5	385	
2030.5	386	
2031.5	376	
2032.5	364	
2033.5	365	
2034.5	341	
2035.5	327	
2036.5	336	
2037.5	369	
2038.5	311	
2039.5	334	
2040.5	324	
2041.5	285	
2042.5	277	
2043.5	340	
2044.5	291	
2045.5	242	
2046.5	286	
2047.5	300	
2048.5	269	
2049.5	257	
2050.5	262	
2051.5	265	
2052.5	260	
2053.5	236	
2054.5	257	
2055.5	237	
2056.5	230	
2057.5	216	
2058.5	202	
2059.5	198	
2060.5	236	
2061.5	184	
2062.5	195	
2063.5	176	
2064.5	210	
2065.5	179	
2066.5	174	
2067.5	170	
2068.5	176	
2069.5	177	
2070.5	158	
2071.5	147	
2072.5	159	
2073.5	124	
2074.5	151	
2075.5	124	
2076.5	129	
2077.5	142	
2078.5	143	
2079.5	123	
2080.5	115	
2081.5	93	
2082.5	108	
2083.5	96	
2084.5	103	
2085.5	111	
2086.5	106	
2087.5	102	
2088.5	93	
2089.5	92	
2090.5	61	
2091.5	87	
2092.5	79	
2093.5	88	
2094.5	78	
2095.5	64	
2096.5	76	
2097.5	72	
2098.5	54	
2099.5	59	
2100.5	56	
2101.5	72	
2102.5	61	
2103.5	69	
2104.5	58	
2105.5	56	
2106.5	52	
2107.5	46	
2108.5	56	
2109.5	50	
2110.5	59	
2111.5	55	
2112.5	55	
2113.5	49	
2114.5	46	
2115.5	34	
2116.5	50	
2117.5	36	
2118.5	44	
2119.5	41	
2120.5	38	
2121.5	46	
2122.5	35	
2123.5	44	
2124.5	39	
2125.5	33	
2126.5	31	
2127.5	41	
2128.5	46	
2129.5	39	
2130.5	33	
2131.5	34	
2132.5	41	
2133.5	29	
2134.5	27	
2135.5	39	
2136.5	43	
2137.5	28	
2138.5	30	
2139.5	29	
2140.5	35	
2141.5	28	
2142.5	31	
2143.5	34	
2144.5	33	
2145.5	31	
2146.5	31	
2147.5	33	
2148.5	32	
2149.5	29	
2150.5	36	
2151.5	36	
2152.5	40	
2153.5	31	
2154.5	31	
2155.5	45	
2156.5	44	
2157.5	35	
2158.5	39	
2159.5	26	
2160.5	33	
2161.5	35	
2162.5	41	
2163.5	29	
2164.5	34	
2165.5	39	
2166.5	40	
2167.5	38	
2168.5	33	
2169.5	47	
2170.5	26	
2171.5	28	
2172.5	27	
2173.5	29	
2174.5	33	
2175.5	35	
2176.5	26	
2177.5	41	
2178.5	39	
2179.5	35	
2180.5	36	
2181.5	41	
2182.5	32	
2183.5	42	
2184.5	38	
2185.5	30	
2186.5	28	
2187.5	37	
2188.5	38	
2189.5	35	
2190.5	35	
2191.5	37	
2192.5	35	
2193.5	29	
2194.5	27	
2195.5	35	
2196.5	31	
2197.5	36	
2198.5	30	
2199.5	36	
2200.5	37	
2201.5	29	
2202.5	27	
2203.5	29	
2204.5	36	
2205.5	33	
2206.5	27	
2207.5	36	
2208.5	40	
2209.5	39	
2210.5	40	
2211.5	33	
2212.5	36	
2213.5	30	
2214.5	31	
2215.5	31	
2216.5	22	
2217.5	38	
2218.5	34	
2219.5	33	
2220.5	35	
2221.5	38	
2222.5	27	
2223.5	34	
2224.5	41	
2225.5	35	
2226.5	44	
2227.5	45	
2228.5	38	
2229.5	39	
2230.5	41	
2231.5	45	
2232.5	37	
2233.5	40	
2234.5	34	
2235.5	48	
2236.5	42	
2237.5	37	
2238.5	32	
2239.5	45	
2240.5	45	
2241.5	50	
2242.5	43	
2243.5	43	
2244.5	42	
2245.5	39	
2246.5	45	
2247.5	45	
2248.5	54	
2249.5	46	
2250.5	55	
2251.5	45	
2252.5	64	
2253.5	47	
2254.5	62	
2255.5	51	
2256.5	56	
2257.5	62	
2258.5	56	
2259.5	71	
2260.5	72	
2261.5	59	
2262.5	57	
2263.5	84	
2264.5	65	
2265.5	87	
2266.5	81	
2267.5	77	
2268.5	81	
2269.5	87	
2270.5	88	
2271.5	91	
2272.5	78	
2273.5	97	
2274.5	101	
2275.5	82	
2276.5	85	
2277.5	104	
2278.5	89	
2279.5	100	
2280.5	132	
2281.5	120	
2282.5	123	
2283.5	111	
2284.5	98	
2285.5	120	
2286.5	122	
2287.5	119	
2288.5	127	
2289.5	131	
2290.5	114	
2291.5	144	
2292.5	144	
2293.5	160	
2294.5	158	
2295.5	159	
2296.5	139	
2297.5	153	
2298.5	144	
2299.5	151	
2300.5	142	
2301.5	138	
2302.5	175	
2303.5	156	
2304.5	172	
2305.5	174	
2306.5	170	
2307.5	165	
2308.5	173	
2309.5	178	
2310.5	168	
2311.5	194	
2312.5	196	
2313.5	189	
2314.5	187	
2315.5	200	
2316.5	182	
2317.5	171	
2318.5	191	
2319.5	219	
2320.5	192	
2321.5	197	
2322.5	191	
2323.5	214	
2324.5	198	
2325.5	195	
2326.5	234	
2327.5	242	
2328.5	236	
2329.5	212	
2330.5	224	
2331.5	221	
2332.5	214	
2333.5	233	
2334.5	213	
2335.5	219	
2336.5	220	
2337.5	201	
2338.5	212	
2339.5	248	
2340.5	219	
2341.5	238	
2342.5	225	
2343.5	233	
2344.5	238	
2345.5	203	
2346.5	217	
2347.5	222	
2348.5	209	
2349.5	226	
2350.5	210	
2351.5	208	
2352.5	197	
2353.5	229	
2354.5	193	
2355.5	209	
2356.5	218	
2357.5	208	
2358.5	199	
2359.5	212	
2360.5	206	
2361.5	221	
2362.5	219	
2363.5	193	
2364.5	204	
2365.5	191	
2366.5	198	
2367.5	220	
2368.5	186	
2369.5	178	
2370.5	177	
2371.5	195	
2372.5	182	
2373.5	178	
2374.5	205	
2375.5	169	
2376.5	172	
2377.5	145	
2378.5	149	
2379.5	154	
2380.5	145	
2381.5	163	
2382.5	158	
2383.5	151	
2384.5	164	
2385.5	134	
2386.5	123	
2387.5	134	
2388.5	135	
2389.5	138	
2390.5	107	
2391.5	143	
2392.5	128	
2393.5	138	
2394.5	115	
2395.5	101	
2396.5	113	
2397.5	116	
2398.5	104	
2399.5	107	
2400.5	104	
2401.5	96	
2402.5	91	
2403.5	116	
2404.5	81	
2405.5	118	
2406.5	92	
2407.5	83	
2408.5	96	
2409.5	81	
2410.5	83	
2411.5	89	
2412.5	87	
2413.5	76	
2414.5	53	
2415.5	55	
2416.5	65	
2417.5	69	
2418.5	67	
2419.5	79	
2420.5	54	
2421.5	65	
2422.5	62	
2423.5	56	
2424.5	68	
2425.5	39	
2426.5	66	
2427.5	61	
2428.5	50	
2429.5	63	
2430.5	53	
2431.5	51	
2432.5	49	
2433.5	46	
2434.5	46	
2435.5	43	
2436.5	51	
2437.5	34	
2438.5	28	
2439.5	52	
2440.5	42	
2441.5	25	
2442.5	31	
2443.5	42	
2444.5	40	
2445.5	42	
2446.5	32	
2447.5	28	
2448.5	36	
2449.5	42	
2450.5	32	
2451.5	29	
2452.5	23	
2453.5	45	
2454.5	21	
2455.5	40	
2456.5	31	
2457.5	30	
2458.5	22	
2459.5	20	
2460.5	39	
2461.5	30	
2462.5	29	
2463.5	31	
2464.5	25	
2465.5	25	
2466.5	22	
2467.5	19	
2468.5	27	
2469.5	24	
2470.5	23	
2471.5	28	
2472.5	28	
2473.5	22	
2474.5	28	
2475.5	26	
2476.5	30	
2477.5	20	
2478.5	17	
2479.5	32	
2480.5	19	
2481.5	28	
2482.5	26	
2483.5	20	
2484.5	25	
2485.5	27	
2486.5	24	
2487.5	27	
2488.5	18	
2489.5	17	
2490.5	17	
2491.5	22	
2492.5	24	
2493.5	19	
2494.5	24	
2495.5	30	
2496.5	19	
2497.5	22	
2498.5	30	
2499.5	21	
2500.5	23	
2501.5	18	
2502.5	24	
2503.5	23	
2504.5	24	
2505.5	28	
2506.5	27	
2507.5	36	
2508.5	25	
2509.5	30	
2510.5	21	
2511.5	23	
2512.5	22	
2513.5	17	
2514.5	20	
2515.5	16	
2516.5	25	
2517.5	25	
2518.5	18	
2519.5	24	
2520.5	21	
2521.5	23	
2522.5	26	
2523.5	22	
2524.5	14	
2525.5	27	
2526.5	24	
2527.5	18	
2528.5	24	
2529.5	23	
2530.5	24	
2531.5	27	
2532.5	24	
2533.5	27	
2534.5	24	
2535.5	27	
2536.5	17	
2537.5	20	
2538.5	16	
2539.5	20	
2540.5	21	
2541.5	23	
2542.5	19	
2543.5	23	
2544.5	23	
2545.5	32	
2546.5	23	
2547.5	18	
2548.5	19	
2549.5	33	
2550.5	17	
2551.5	26	
2552.5	17	
2553.5	19	
2554.5	16	
2555.5	17	
2556.5	23	
2557.5	20	
2558.5	26	
2559.5	26	
2560.5	23	
2561.5	31	
2562.5	30	
2563.5	29	
2564.5	22	
2565.5	25	
2566.5	20	
2567.5	32	
2568.5	31	
2569.5	29	
2570.5	18	
2571.5	18	
2572.5	25	
2573.5	25	
2574.5	29	
2575.5	31	
2576.5	28	
2577.5	37	
2578.5	33	
2579.5	30	
2580.5	30	
2581.5	35	
2582.5	45	
2583.5	27	
2584.5	30	
2585.5	44	
2586.5	26	
2587.5	37	
2588.5	22	
2589.5	49	
2590.5	38	
2591.5	49	
2592.5	37	
2593.5	51	
2594.5	42	
2595.5	44	
2596.5	42	
2597.5	46	
2598.5	40	
2599.5	43	
2600.5	38	
2601.5	44	
2602.5	46	
2603.5	38	
2604.5	49	
2605.5	43	
2606.5	51	
2607.5	53	
2608.5	44	
2609.5	62	
2610.5	56	
2611.5	69	
2612.5	66	
2613.5	54	
2614.5	63	
2615.5	61	
2616.5	60	
2617.5	70	
2618.5	44	
2619.5	63	
2620.5	63	
2621.5	62	
2622.5	89	
2623.5	66	
2624.5	52	
2625.5	55	
2626.5	78	
2627.5	54	
2628.5	72	
2629.5	75	
2630.5	75	
2631.5	89	
2632.5	76	
2633.5	88	
2634.5	74	
2635.5	85	
2636.5	81	
2637.5	85	
2638.5	84	
2639.5	89	
2640.5	76	
2641.5	100	
2642.5	82	
2643.5	90	
2644.5	83	
2645.5	103	
2646.5	101	
2647.5	95	
2648.5	99	
2649.5	85	
2650.5	96	
2651.5	95	
2652.5	97	
2653.5	86	
2654.5	93	
2655.5	93	
2656.5	112	
2657.5	97	
2658.5	93	
2659.5	97	
2660.5	82	
2661.5	86	
2662.5	92	
2663.5	87	
2664.5	93	
2665.5	110	
2666.5	114	
2667.5	106	
2668.5	94	
2669.5	103	
2670.5	129	
2671.5	101	
2672.5	113	
2673.5	109	
2674.5	99	
2675.5	110	
2676.5	116	
2677.5	84	
2678.5	110	
2679.5	97	
2680.5	88	
2681.5	95	
2682.5	100	
2683.5	94	
2684.5	99	
2685.5	94	
2686.5	103	
2687.5	93	
2688.5	97	
2689.5	99	
2690.5	111	
2691.5	89	
2692.5	84	
2693.5	88	
2694.5	90	
2695.5	88	
2696.5	94	
2697.5	101	
2698.5	105	
2699.5	82	
2700.5	98	
2701.5	102	
2702.5	72	
2703.5	92	
2704.5	77	
2705.5	88	
2706.5	92	
2707.5	76	
2708.5	75	
2709.5	66	
2710.5	90	
2711.5	67	
2712.5	72	
2713.5	74	
2714.5	87	
2715.5	65	
2716.5	84	
2717.5	72	
2718.5	68	
2719.5	73	
2720.5	62	
2721.5	62	
2722.5	71	
2723.5	71	
2724.5	70	
2725.5	81	
2726.5	65	
2727.5	62	
2728.5	72	
2729.5	65	
2730.5	75	
2731.5	64	
2732.5	61	
2733.5	53	
2734.5	54	
2735.5	53	
2736.5	61	
2737.5	58	
2738.5	55	
2739.5	60	
2740.5	46	
2741.5	63	
2742.5	42	
2743.5	43	
2744.5	40	
2745.5	57	
2746.5	32	
2747.5	50	
2748.5	51	
2749.5	36	
2750.5	42	
2751.5	40	
2752.5	35	
2753.5	45	
2754.5	33	
2755.5	35	
2756.5	27	
2757.5	39	
2758.5	44	
2759.5	39	
2760.5	36	
2761.5	30	
2762.5	37	
2763.5	27	
2764.5	35	
2765.5	26	
2766.5	21	
2767.5	26	
2768.5	25	
2769.5	21	
2770.5	23	
2771.5	25	
2772.5	28	
2773.5	31	
2774.5	21	
2775.5	24	
2776.5	19	
2777.5	21	
2778.5	11	
2779.5	17	
2780.5	21	
2781.5	19	
2782.5	11	
2783.5	22	
2784.5	22	
2785.5	17	
2786.5	20	
2787.5	14	
2788.5	26	
2789.5	13	
2790.5	19	
2791.5	20	
2792.5	24	
2793.5	21	
2794.5	17	
2795.5	18	
2796.5	18	
2797.5	11	
2798.5	19	
2799.5	18	
2800.5	23	
2801.5	18	
2802.5	15	
2803.5	22	
2804.5	17	
2805.5	13	
2806.5	19	
2807.5	18	
2808.5	16	
2809.5	11	
2810.5	9	
2811.5	10	
2812.5	15	
2813.5	14	
2814.5	12	
2815.5	18	
2816.5	13	
2817.5	13	
2818.5	5	
2819.5	19	
2820.5	13	
2821.5	16	
2822.5	13	
2823.5	17	
2824.5	19	
2825.5	12	
2826.5	11	
2827.5	13	
2828.5	15	
2829.5	10	
2830.5	13	
2831.5	11	
2832.5	18	
2833.5	7	
2834.5	9	
2835.5	11	
2836.5	14	
2837.5	13	
2838.5	12	
2839.5	13	
2840.5	12	
2841.5	17	
2842.5	7	
2843.5	16	
2844.5	17	
2845.5	11	
2846.5	11	
2847.5	14	
2848.5	9	
2849.5	20	
2850.5	8	
2851.5	17	
2852.5	11	
2853.5	11	
2854.5	11	
2855.5	9	
2856.5	13	
2857.5	9	
2858.5	11	
2859.5	19	
2860.5	13	
2861.5	12	
2862.5	12	
2863.5	7	
2864.5	10	
2865.5	17	
2866.5	18	
2867.5	22	
2868.5	19	
2869.5	14	
2870.5	11	
2871.5	7	
2872.5	17	
2873.5	12	
2874.5	17	
2875.5	13	
2876.5	16	
2877.5	10	
2878.5	12	
2879.5	12	
2880.5	16	
2881.5	13	
2882.5	10	
2883.5	15	
2884.5	12	
2885.5	13	
2886.5	13	
2887.5	17	
2888.5	10	
2889.5	18	
2890.5	26	
2891.5	10	
2892.5	10	
2893.5	16	
2894.5	12	
2895.5	19	
2896.5	10	
2897.5	10	
2898.5	15	
2899.5	11	
2900.5	15	
2901.5	22	
2902.5	11	
2903.5	15	
2904.5	16	
2905.5	22	
2906.5	14	
2907.5	20	
2908.5	10	
2909.5	12	
2910.5	16	
2911.5	19	
2912.5	16	
2913.5	19	
2914.5	17	
2915.5	17	
2916.5	14	
2917.5	12	
2918.5	20	
2919.5	28	
2920.5	18	
2921.5	18	
2922.5	21	
2923.5	23	
2924.5	19	
2925.5	18	
2926.5	22	
2927.5	26	
2928.5	18	
2929.5	18	
2930.5	25	
2931.5	19	
2932.5	27	
2933.5	25	
2934.5	27	
2935.5	17	
2936.5	19	
2937.5	23	
2938.5	14	
2939.5	18	
2940.5	26	
2941.5	34	
2942.5	26	
2943.5	21	
2944.5	26	
2945.5	21	
2946.5	30	
2947.5	31	
2948.5	37	
2949.5	23	
2950.5	19	
2951.5	32	
2952.5	30	
2953.5	28	
2954.5	36	
2955.5	25	
2956.5	29	
2957.5	23	
2958.5	34	
2959.5	36	
2960.5	30	
2961.5	32	
2962.5	36	
2963.5	38	
2964.5	24	
2965.5	24	
2966.5	48	
2967.5	38	
2968.5	30	
2969.5	43	
2970.5	41	
2971.5	33	
2972.5	37	
2973.5	31	
2974.5	34	
2975.5	37	
2976.5	29	
2977.5	27	
2978.5	42	
2979.5	46	
2980.5	36	
2981.5	44	
2982.5	32	
2983.5	30	
2984.5	45	
2985.5	41	
2986.5	33	
2987.5	37	
2988.5	48	
2989.5	45	
2990.5	47	
2991.5	33	
2992.5	50	
2993.5	48	
2994.5	41	
2995.5	51	
2996.5	40	
2997.5	47	
2998.5	43	
2999.5	41	
3000.5	48	
3001.5	38	
3002.5	43	
3003.5	43	
3004.5	43	
3005.5	40	
3006.5	52	
3007.5	52	
3008.5	36	
3009.5	47	
3010.5	32	
3011.5	55	
3012.5	47	
3013.5	32	
3014.5	40	
3015.5	47	
3016.5	50	
3017.5	42	
3018.5	48	
3019.5	42	
3020.5	42	
3021.5	39	
3022.5	50	
3023.5	42	
3024.5	40	
3025.5	39	
3026.5	54	
3027.5	28	
3028.5	33	
3029.5	49	
3030.5	46	
3031.5	37	
3032.5	33	
3033.5	33	
3034.5	47	
3035.5	55	
3036.5	31	
3037.5	47	
3038.5	30	
3039.5	31	
3040.5	33	
3041.5	38	
3042.5	29	
3043.5	18	
3044.5	33	
3045.5	32	
3046.5	28	
3047.5	39	
3048.5	23	
3049.5	33	
3050.5	38	
3051.5	29	
3052.5	32	
3053.5	27	
3054.5	24	
3055.5	30	
3056.5	26	
3057.5	27	
3058.5	33	
3059.5	26	
3060.5	25	
3061.5	33	
3062.5	34	
3063.5	23	
3064.5	25	
3065.5	21	
3066.5	30	
3067.5	17	
3068.5	32	
3069.5	26	
3070.5	15	
3071.5	17	
3072.5	20	
3073.5	20	
3074.5	22	
3075.5	23	
3076.5	22	
3077.5	17	
3078.5	17	
3079.5	18	
3080.5	21	
3081.5	26	
3082.5	12	
3083.5	28	
3084.5	19	
3085.5	10	
3086.5	15	
3087.5	14	
3088.5	19	
3089.5	10	
3090.5	16	
3091.5	13	
3092.5	20	
3093.5	20	
3094.5	19	
3095.5	20	
3096.5	12	
3097.5	12	
3098.5	15	
3099.5	15	
3100.5	10	
3101.5	14	
3102.5	12	
3103.5	18	
3104.5	19	
3105.5	14	
3106.5	8	
3107.5	17	
3108.5	14	
3109.5	9	
3110.5	16	
3111.5	17	
3112.5	9	
3113.5	11	
3114.5	8	
3115.5	9	
3116.5	7	
3117.5	9	
3118.5	12	
3119.5	13	
3120.5	15	
3121.5	11	
3122.5	11	
3123.5	19	
3124.5	11	
3125.5	5	
3126.5	12	
3127.5	6	
3128.5	5	
3129.5	9	
3130.5	10	
3131.5	8	
3132.5	6	
3133.5	7	
3134.5	7	
3135.5	10	
3136.5	7	
3137.5	8	
3138.5	8	
3139.5	6	
3140.5	8	
3141.5	6	
3142.5	11	
3143.5	6	
3144.5	7	
3145.5	9	
3146.5	6	
3147.5	12	
3148.5	10	
3149.5	12	
3150.5	9	
3151.5	7	
3152.5	8	
3153.5	9	
3154.5	4	
3155.5	5	
3156.5	6	
3157.5	11	
3158.5	4	
3159.5	7	
3160.5	12	
3161.5	8	
3162.5	5	
3163.5	3	
3164.5	5	
3165.5	6	
3166.5	12	
3167.5	8	
3168.5	6	
3169.5	9	
3170.5	10	
3171.5	6	
3172.5	8	
3173.5	7	
3174.5	7	
3175.5	5	
3176.5	4	
3177.5	6	
3178.5	5	
3179.5	6	
3180.5	7	
3181.5	7	
3182.5	6	
3183.5	8	
3184.5	2	
3185.5	6	
3186.5	6	
3187.5	5	
3188.5	4	
3189.5	7	
3190.5	7	
3191.5	12	
3192.5	9	
3193.5	7	
3194.5	6	
3195.5	5	
3196.5	6	
3197.5	5	
3198.5	8	
3199.5	6	
3200.5	8	
3201.5	5	
3202.5	5	
3203.5	12	
3204.5	5	
3205.5	10	
3206.5	6	
3207.5	7	
3208.5	6	
3209.5	6	
3210.5	4	
3211.5	6	
3212.5	6	
3213.5	8	
3214.5	4	
3215.5	10	
3216.5	7	
3217.5	2	
3218.5	11	
3219.5	6	
3220.5	6	
3221.5	5	
3222.5	9	
3223.5	9	
3224.5	9	
3225.5	11	
3226.5	4	
3227.5	10	
3228.5	10	
3229.5	6	
3230.5	6	
3231.5	6	
3232.5	9	
3233.5	12	
3234.5	12	
3235.5	10	
3236.5	6	
3237.5	7	
3238.5	7	
3239.5	6	
3240.5	6	
3241.5	8	
3242.5	9	
3243.5	6	
3244.5	11	
3245.5	9	
3246.5	8	
3247.5	8	
3248.5	11	
3249.5	9	
3250.5	11	
3251.5	10	
3252.5	6	
3253.5	10	
3254.5	14	
3255.5	10	
3256.5	12	
3257.5	10	
3258.5	5	
3259.5	3	
3260.5	9	
3261.5	5	
3262.5	16	
3263.5	13	
3264.5	8	
3265.5	15	
3266.5	15	
3267.5	6	
3268.5	17	
3269.5	13	
3270.5	6	
3271.5	10	
3272.5	11	
3273.5	10	
3274.5	10	
3275.5	6	
3276.5	9	
3277.5	16	
3278.5	16	
3279.5	14	
3280.5	12	
3281.5	12	
3282.5	8	
3283.5	13	
3284.5	19	
3285.5	17	
3286.5	11	
3287.5	11	
3288.5	12	
3289.5	14	
3290.5	17	
3291.5	13	
3292.5	16	
3293.5	14	
3294.5	10	
3295.5	12	
3296.5	15	
3297.5	14	
3298.5	17	
3299.5	11	
3300.5	22	
3301.5	19	
3302.5	15	
3303.5	15	
3304.5	17	
3305.5	20	
3306.5	23	
3307.5	11	
3308.5	16	
3309.5	6	
3310.5	15	
3311.5	12	
3312.5	18	
3313.5	14	
3314.5	14	
3315.5	21	
3316.5	15	
3317.5	23	
3318.5	14	
3319.5	17	
3320.5	9	
3321.5	12	
3322.5	21	
3323.5	19	
3324.5	18	
3325.5	16	
3326.5	25	
3327.5	20	
3328.5	18	
3329.5	18	
3330.5	16	
3331.5	22	
3332.5	18	
3333.5	16	
3334.5	12	
3335.5	16	
3336.5	17	
3337.5	21	
3338.5	17	
3339.5	13	
3340.5	20	
3341.5	22	
3342.5	20	
3343.5	18	
3344.5	11	
3345.5	12	
3346.5	18	
3347.5	19	
3348.5	25	
3349.5	9	
3350.5	21	
3351.5	18	
3352.5	20	
3353.5	15	
3354.5	20	
3355.5	12	
3356.5	18	
3357.5	16	
3358.5	21	
3359.5	12	
3360.5	20	
3361.5	10	
3362.5	15	
3363.5	16	
3364.5	11	
3365.5	14	
3366.5	20	
3367.5	20	
3368.5	15	
3369.5	17	
3370.5	15	
3371.5	22	
3372.5	15	
3373.5	13	
3374.5	10	
3375.5	13	
3376.5	14	
3377.5	19	
3378.5	16	
3379.5	9	
3380.5	15	
3381.5	10	
3382.5	19	
3383.5	9	
3384.5	7	
3385.5	19	
3386.5	18	
3387.5	20	
3388.5	11	
3389.5	12	
3390.5	14	
3391.5	16	
3392.5	11	
3393.5	17	
3394.5	11	
3395.5	9	
3396.5	10	
3397.5	11	
3398.5	9	
3399.5	21	
3400.5	8	
3401.5	8	
3402.5	15	
3403.5	9	
3404.5	4	
3405.5	16	
3406.5	13	
3407.5	17	
3408.5	11	
3409.5	4	
3410.5	8	
3411.5	8	
3412.5	10	
3413.5	8	
3414.5	7	
3415.5	10	
3416.5	8	
3417.5	9	
3418.5	8	
3419.5	10	
3420.5	7	
3421.5	4	
3422.5	12	
3423.5	6	
3424.5	6	
3425.5	8	
3426.5	13	
3427.5	5	
3428.5	9	
3429.5	11	
3430.5	14	
3431.5	9	
3432.5	4	
3433.5	5	
3434.5	10	
3435.5	3	
3436.5	7	
3437.5	5	
3438.5	3	
3439.5	9	
3440.5	1	
3441.5	8	
3442.5	4	
3443.5	9	
3444.5	5	
3445.5	5	
3446.5	7	
3447.5	2	
3448.5	6	
3449.5	1	
3450.5	6	
3451.5	10	
3452.5	1	
3453.5	3	
3454.5	7	
3455.5	4	
3456.5	6	
3457.5	3	
3458.5	8	
3459.5	6	
3460.5	2	
3461.5	5	
3462.5	5	
3463.5	4	
3464.5	1	
3465.5	2	
3466.5	2	
3467.5	5	
3468.5	3	
3469.5	1	
3470.5	3	
3471.5	3	
3472.5	4	
3473.5	5	
3474.5	4	
3475.5	3	
3476.5	4	
3477.5	4	
3478.5	3	
3479.5	1	
3480.5	3	
3481.5	4	
3482.5	3	
3483.5	9	
3484.5	3	
3485.5	1	
3486.5	1	
3487.5	3	
3488.5	5	
3489.5	3	
3490.5	6	
3491.5	1	
3492.5	3	
3493.5	5	
3494.5	4	
3495.5	4	
3496.5	1	
3497.5	4	
3498.5	2	
3499.5	3	
3500.5	1	
3501.5	4	
3502.5	1	
3503.5	2	
3504.5	3	
3505.5	4	
3506.5	1	
3507.5	2	
3508.5	2	
3509.5	5	
3510.5	4	
3511.5	0	
3512.5	0	
3513.5	3	
3514.5	6	
3515.5	1	
3516.5	1	
3517.5	2	
3518.5	3	
3519.5	2	
3520.5	1	
3521.5	2	
3522.5	5	
3523.5	3	
3524.5	3	
3525.5	2	
3526.5	2	
3527.5	1	
3528.5	4	
3529.5	2	
3530.5	4	
3531.5	0	
3532.5	2	
3533.5	1	
3534.5	4	
3535.5	5	
3536.5	3	
3537.5	5	
3538.5	4	
3539.5	1	
3540.5	0	
3541.5	2	
3542.5	3	
3543.5	3	
3544.5	3	
3545.5	2	
3546.5	4	
3547.5	4	
3548.5	6	
3549.5	4	
3550.5	1	
3551.5	3	
3552.5	2	
3553.5	4	
3554.5	5	
3555.5	4	
3556.5	4	
3557.5	2	
3558.5	3	
3559.5	6	
3560.5	0	
3561.5	2	
3562.5	0	
3563.5	4	
3564.5	2	
3565.5	3	
3566.5	3	
3567.5	2	
3568.5	5	
3569.5	3	
3570.5	6	
3571.5	4	
3572.5	4	
3573.5	5	
3574.5	3	
3575.5	3	
3576.5	5	
3577.5	3	
3578.5	4	
3579.5	0	
3580.5	5	
3581.5	5	
3582.5	4	
3583.5	4	
3584.5	7	
3585.5	5	
3586.5	2	
3587.5	6	
3588.5	2	
3589.5	3	
3590.5	4	
3591.5	6	
3592.5	3	
3593.5	5	
3594.5	2	
3595.5	4	
3596.5	5	
3597.5	1	
3598.5	1	
3599.5	1	
3600.5	9	
3601.5	6	
3602.5	3	
3603.5	2	
3604.5	6	
3605.5	8	
3606.5	4	
3607.5	0	
3608.5	8	
3609.5	2	
3610.5	1	
3611.5	2	
3612.5	3	
3613.5	4	
3614.5	5	
3615.5	6	
3616.5	6	
3617.5	8	
3618.5	5	
3619.5	5	
3620.5	8	
3621.5	1	
3622.5	8	
3623.5	5	
3624.5	4	
3625.5	4	
3626.5	7	
3627.5	8	
3628.5	6	
3629.5	4	
3630.5	7	
3631.5	6	
3632.5	4	
3633.5	6	
3634.5	5	
3635.5	3	
3636.5	7	
3637.5	9	
3638.5	9	
3639.5	4	
3640.5	4	
3641.5	6	
3642.5	5	
3643.5	6	
3644.5	2	
3645.5	8	
3646.5	6	
3647.5	8	
3648.5	10	
3649.5	5	
3650.5	8	
3651.5	9	
3652.5	10	
3653.5	6	
3654.5	5	
3655.5	8	
3656.5	11	
3657.5	4	
3658.5	8	
3659.5	5	
3660.5	5	
3661.5	4	
3662.5	4	
3663.5	5	
3664.5	7	
3665.5	2	
3666.5	13	
3667.5	5	
3668.5	10	
3669.5	4	
3670.5	7	
3671.5	9	
3672.5	5	
3673.5	6	
3674.5	4	
3675.5	6	
3676.5	7	
3677.5	6	
3678.5	6	
3679.5	4	
3680.5	5	
3681.5	6	
3682.5	6	
3683.5	5	
3684.5	6	
3685.5	6	
3686.5	9	
3687.5	5	
3688.5	10	
3689.5	8	
3690.5	6	
3691.5	7	
3692.5	1	
3693.5	7	
3694.5	4	
3695.5	3	
3696.5	5	
3697.5	5	
3698.5	12	
3699.5	6	
3700.5	9	
3701.5	1	
3702.5	7	
3703.5	4	
3704.5	7	
3705.5	3	
3706.5	5	
3707.5	8	
3708.5	5	
3709.5	5	
3710.5	4	
3711.5	10	
3712.5	3	
3713.5	7	
3714.5	2	
3715.5	4	
3716.5	5	
3717.5	1	
3718.5	5	
3719.5	3	
3720.5	4	
3721.5	5	
3722.5	3	
3723.5	5	
3724.5	6	
3725.5	1	
3726.5	2	
3727.5	8	
3728.5	3	
3729.5	4	
3730.5	7	
3731.5	2	
3732.5	3	
3733.5	3	
3734.5	5	
3735.5	5	
3736.5	6	
3737.5	4	
3738.5	5	
3739.5	3	
3740.5	2	
3741.5	1	
3742.5	6	
3743.5	5	
3744.5	2	
3745.5	4	
3746.5	3	
3747.5	5	
3748.5	3	
3749.5	6	
3750.5	0	
3751.5	5	
3752.5	1	
3753.5	1	
3754.5	2	
3755.5	2	
3756.5	7	
3757.5	8	
3758.5	3	
3759.5	2	
3760.5	2	
3761.5	2	
3762.5	2	
3763.5	2	
3764.5	2	
3765.5	2	
3766.5	2	
3767.5	3	
3768.5	3	
3769.5	2	
3770.5	1	
3771.5	3	
3772.5	3	
3773.5	2	
3774.5	5	
3775.5	4	
3776.5	3	
3777.5	3	
3778.5	4	
3779.5	2	
3780.5	3	
3781.5	1	
3782.5	2	
3783.5	1	
3784.5	1	
3785.5	1	
3786.5	2	
3787.5	0	
3788.5	4	
3789.5	1	
3790.5	3	
3791.5	2	
3792.5	1	
3793.5	1	
3794.5	1	
3795.5	2	
3796.5	3	
3797.5	1	
3798.5	2	
3799.5	3	
3800.5	2	
3801.5	2	
3802.5	1	
3803.5	0	
3804.5	1	
3805.5	1	
3806.5	1	
3807.5	0	
3808.5	3	
3809.5	3	
3810.5	3	
3811.5	3	
3812.5	1	
3813.5	4	
3814.5	2	
3815.5	3	
3816.5	1	
3817.5	2	
3818.5	1	
3819.5	1	
3820.5	2	
3821.5	1	
3822.5	3	
3823.5	0	
3824.5	2	
3825.5	0	
3826.5	4	
3827.5	0	
3828.5	2	
3829.5	2	
3830.5	1	
3831.5	1	
3832.5	1	
3833.5	1	
3834.5	0	
3835.5	1	
3836.5	1	
3837.5	0	
3838.5	0	
3839.5	0	
3840.5	2	
3841.5	0	
3842.5	1	
3843.5	0	
3844.5	3	
3845.5	0	
3846.5	2	
3847.5	1	
3848.5	0	
3849.5	0	
3850.5	0	
3851.5	0	
3852.5	3	
3853.5	2	
3854.5	1	
3855.5	3	
3856.5	1	
3857.5	0	
3858.5	2	
3859.5	2	
3860.5	0	
3861.5	0	
3862.5	0	
3863.5	1	
3864.5	3	
3865.5	3	
3866.5	2	
3867.5	3	
3868.5	2	
3869.5	1	
3870.5	1	
3871.5	2	
3872.5	2	
3873.5	3	
3874.5	1	
3875.5	0	
3876.5	1	
3877.5	1	
3878.5	1	
3879.5	1	
3880.5	0	
3881.5	1	
3882.5	1	
3883.5	1	
3884.5	0	
3885.5	1	
3886.5	2	
3887.5	0	
3888.5	0	
3889.5	2	
3890.5	1	
3891.5	1	
3892.5	4	
3893.5	2	
3894.5	0	
3895.5	1	
3896.5	0	
3897.5	1	
3898.5	2	
3899.5	1	
3900.5	4	
3901.5	1	
3902.5	1	
3903.5	2	
3904.5	3	
3905.5	5	
3906.5	1	
3907.5	2	
3908.5	6	
3909.5	2	
3910.5	1	
3911.5	0	
3912.5	1	
3913.5	2	
3914.5	0	
3915.5	0	
3916.5	2	
3917.5	1	
3918.5	1	
3919.5	1	
3920.5	2	
3921.5	2	
3922.5	0	
3923.5	0	
3924.5	1	
3925.5	1	
3926.5	4	
3927.5	1	
3928.5	1	
3929.5	2	
3930.5	1	
3931.5	1	
3932.5	1	
3933.5	2	
3934.5	1	
3935.5	0	
3936.5	1	
3937.5	6	
3938.5	3	
3939.5	0	
3940.5	0	
3941.5	0	
3942.5	0	
3943.5	4	
3944.5	0	
3945.5	1	
3946.5	0	
3947.5	1	
3948.5	2	
3949.5	1	
3950.5	1	
3951.5	3	
3952.5	3	
3953.5	1	
3954.5	3	
3955.5	1	
3956.5	2	
3957.5	0	
3958.5	2	
3959.5	1	
3960.5	4	
3961.5	2	
3962.5	1	
3963.5	2	
3964.5	5	
3965.5	1	
3966.5	1	
3967.5	3	
3968.5	0	
3969.5	0	
3970.5	4	
3971.5	3	
3972.5	4	
3973.5	3	
3974.5	1	
3975.5	1	
3976.5	1	
3977.5	2	
3978.5	0	
3979.5	2	
3980.5	1	
3981.5	0	
3982.5	4	
3983.5	0	
3984.5	3	
3985.5	4	
3986.5	3	
3987.5	1	
3988.5	1	
3989.5	1	
3990.5	0	
3991.5	2	
3992.5	3	
3993.5	2	
3994.5	3	
3995.5	2	
