-99.5	0	
-98.5	0	
-97.5	0	
-96.5	0	
-95.5	0	
-94.5	0	
-93.5	0	
-92.5	0	
-91.5	0	
-90.5	0	
-89.5	0	
-88.5	0	
-87.5	0	
-86.5	0	
-85.5	0	
-84.5	0	
-83.5	0	
-82.5	0	
-81.5	0	
-80.5	0	
-79.5	0	
-78.5	0	
-77.5	0	
-76.5	0	
-75.5	0	
-74.5	0	
-73.5	0	
-72.5	0	
-71.5	0	
-70.5	0	
-69.5	0	
-68.5	0	
-67.5	0	
-66.5	0	
-65.5	0	
-64.5	0	
-63.5	0	
-62.5	0	
-61.5	0	
-60.5	0	
-59.5	0	
-58.5	0	
-57.5	1	
-56.5	0	
-55.5	0	
-54.5	1	
-53.5	0	
-52.5	0	
-51.5	1	
-50.5	0	
-49.5	0	
-48.5	1	
-47.5	1	
-46.5	0	
-45.5	2	
-44.5	0	
-43.5	2	
-42.5	2	
-41.5	0	
-40.5	1	
-39.5	1	
-38.5	1	
-37.5	2	
-36.5	3	
-35.5	3	
-34.5	3	
-33.5	5	
-32.5	7	
-31.5	5	
-30.5	9	
-29.5	6	
-28.5	5	
-27.5	11	
-26.5	11	
-25.5	5	
-24.5	9	
-23.5	15	
-22.5	5	
-21.5	13	
-20.5	13	
-19.5	13	
-18.5	14	
-17.5	21	
-16.5	12	
-15.5	11	
-14.5	10	
-13.5	18	
-12.5	10	
-11.5	20	
-10.5	13	
-9.5	15	
-8.5	13	
-7.5	28	
-6.5	27	
-5.5	20	
-4.5	24	
-3.5	18	
-2.5	25	
-1.5	23	
-0.5	19	
0.5	25	
1.5	16	
2.5	19	
3.5	27	
4.5	26	
5.5	34	
6.5	27	
7.5	26	
8.5	22	
9.5	12	
10.5	19	
11.5	19	
12.5	21	
13.5	10	
14.5	14	
15.5	14	
16.5	12	
17.5	15	
18.5	18	
19.5	18	
20.5	13	
21.5	12	
22.5	13	
23.5	11	
24.5	10	
25.5	15	
26.5	5	
27.5	7	
28.5	7	
29.5	6	
30.5	3	
31.5	6	
32.5	5	
33.5	5	
34.5	6	
35.5	4	
36.5	3	
37.5	3	
38.5	2	
39.5	3	
40.5	1	
41.5	2	
42.5	3	
43.5	1	
44.5	0	
45.5	1	
46.5	0	
47.5	0	
48.5	1	
49.5	2	
50.5	0	
51.5	0	
52.5	0	
53.5	1	
54.5	1	
55.5	0	
56.5	0	
57.5	1	
58.5	0	
59.5	0	
60.5	0	
61.5	0	
62.5	0	
63.5	1	
64.5	0	
65.5	0	
66.5	0	
67.5	0	
68.5	0	
69.5	0	
70.5	1	
71.5	0	
72.5	0	
73.5	0	
74.5	0	
75.5	0	
76.5	0	
77.5	0	
78.5	1	
79.5	0	
80.5	0	
81.5	0	
82.5	0	
83.5	0	
84.5	0	
85.5	0	
86.5	0	
87.5	0	
88.5	0	
89.5	0	
90.5	0	
91.5	0	
92.5	1	
93.5	0	
94.5	0	
95.5	0	
96.5	0	
97.5	1	
98.5	0	
99.5	0	
100.5	0	
101.5	0	
102.5	0	
103.5	0	
104.5	0	
105.5	0	
106.5	0	
107.5	0	
108.5	0	
109.5	0	
110.5	0	
111.5	0	
112.5	0	
113.5	0	
114.5	0	
115.5	0	
116.5	0	
117.5	0	
118.5	1	
119.5	0	
120.5	0	
121.5	0	
122.5	0	
123.5	0	
124.5	0	
125.5	0	
126.5	0	
127.5	0	
128.5	0	
129.5	0	
130.5	0	
131.5	0	
132.5	0	
133.5	0	
134.5	0	
135.5	0	
136.5	0	
137.5	0	
138.5	0	
139.5	0	
140.5	0	
141.5	1	
142.5	0	
143.5	0	
144.5	0	
145.5	0	
146.5	0	
147.5	0	
148.5	0	
149.5	0	
150.5	0	
151.5	0	
152.5	0	
153.5	0	
154.5	0	
155.5	0	
156.5	0	
157.5	0	
158.5	0	
159.5	0	
160.5	0	
161.5	0	
162.5	0	
163.5	0	
164.5	0	
165.5	0	
166.5	0	
167.5	0	
168.5	0	
169.5	0	
170.5	0	
171.5	0	
172.5	0	
173.5	0	
174.5	0	
175.5	0	
176.5	0	
177.5	0	
178.5	0	
179.5	0	
180.5	0	
181.5	0	
182.5	0	
183.5	0	
184.5	0	
185.5	0	
186.5	0	
187.5	0	
188.5	0	
189.5	0	
190.5	0	
191.5	0	
192.5	0	
193.5	0	
194.5	1	
195.5	1	
196.5	0	
197.5	0	
198.5	0	
199.5	0	
200.5	0	
201.5	0	
202.5	0	
203.5	0	
204.5	0	
205.5	0	
206.5	0	
207.5	1	
208.5	0	
209.5	0	
210.5	0	
211.5	0	
212.5	0	
213.5	0	
214.5	0	
215.5	0	
216.5	0	
217.5	0	
218.5	0	
219.5	0	
220.5	0	
221.5	0	
222.5	0	
223.5	0	
224.5	0	
225.5	1	
226.5	0	
227.5	0	
228.5	0	
229.5	1	
230.5	0	
231.5	0	
232.5	0	
233.5	0	
234.5	0	
235.5	0	
236.5	1	
237.5	0	
238.5	0	
239.5	0	
240.5	0	
241.5	0	
242.5	0	
243.5	0	
244.5	0	
245.5	0	
246.5	1	
247.5	0	
248.5	0	
249.5	0	
250.5	0	
251.5	0	
252.5	0	
253.5	1	
254.5	1	
255.5	1	
256.5	0	
257.5	1	
258.5	1	
259.5	1	
260.5	0	
261.5	0	
262.5	1	
263.5	2	
264.5	2	
265.5	0	
266.5	0	
267.5	1	
268.5	3	
269.5	1	
270.5	2	
271.5	2	
272.5	1	
273.5	4	
274.5	2	
275.5	4	
276.5	4	
277.5	4	
278.5	8	
279.5	6	
280.5	5	
281.5	2	
282.5	3	
283.5	8	
284.5	8	
285.5	5	
286.5	11	
287.5	8	
288.5	13	
289.5	18	
290.5	14	
291.5	11	
292.5	9	
293.5	15	
294.5	16	
295.5	21	
296.5	21	
297.5	22	
298.5	19	
299.5	26	
300.5	27	
301.5	26	
302.5	30	
303.5	30	
304.5	35	
305.5	37	
306.5	36	
307.5	43	
308.5	43	
309.5	44	
310.5	38	
311.5	40	
312.5	49	
313.5	44	
314.5	45	
315.5	58	
316.5	70	
317.5	57	
318.5	56	
319.5	63	
320.5	76	
321.5	67	
322.5	77	
323.5	67	
324.5	68	
325.5	72	
326.5	86	
327.5	78	
328.5	82	
329.5	82	
330.5	70	
331.5	96	
332.5	79	
333.5	79	
334.5	87	
335.5	80	
336.5	81	
337.5	106	
338.5	100	
339.5	91	
340.5	99	
341.5	98	
342.5	84	
343.5	83	
344.5	77	
345.5	92	
346.5	79	
347.5	87	
348.5	73	
349.5	84	
350.5	81	
351.5	60	
352.5	66	
353.5	71	
354.5	75	
355.5	61	
356.5	77	
357.5	49	
358.5	57	
359.5	55	
360.5	50	
361.5	64	
362.5	63	
363.5	64	
364.5	43	
365.5	56	
366.5	45	
367.5	33	
368.5	28	
369.5	35	
370.5	37	
371.5	29	
372.5	41	
373.5	31	
374.5	26	
375.5	23	
376.5	12	
377.5	22	
378.5	22	
379.5	19	
380.5	19	
381.5	13	
382.5	14	
383.5	14	
384.5	16	
385.5	13	
386.5	16	
387.5	4	
388.5	8	
389.5	13	
390.5	7	
391.5	7	
392.5	10	
393.5	7	
394.5	8	
395.5	4	
396.5	8	
397.5	7	
398.5	4	
399.5	4	
400.5	4	
401.5	3	
402.5	2	
403.5	2	
404.5	1	
405.5	0	
406.5	2	
407.5	1	
408.5	0	
409.5	3	
410.5	0	
411.5	1	
412.5	1	
413.5	1	
414.5	0	
415.5	1	
416.5	1	
417.5	1	
418.5	0	
419.5	1	
420.5	1	
421.5	1	
422.5	1	
423.5	0	
424.5	0	
425.5	0	
426.5	0	
427.5	0	
428.5	2	
429.5	0	
430.5	1	
431.5	1	
432.5	2	
433.5	1	
434.5	0	
435.5	3	
436.5	1	
437.5	1	
438.5	3	
439.5	0	
440.5	0	
441.5	1	
442.5	0	
443.5	1	
444.5	0	
445.5	0	
446.5	0	
447.5	0	
448.5	3	
449.5	0	
450.5	1	
451.5	0	
452.5	0	
453.5	0	
454.5	0	
455.5	0	
456.5	2	
457.5	1	
458.5	2	
459.5	0	
460.5	0	
461.5	1	
462.5	1	
463.5	0	
464.5	1	
465.5	0	
466.5	1	
467.5	1	
468.5	3	
469.5	0	
470.5	0	
471.5	1	
472.5	1	
473.5	0	
474.5	0	
475.5	2	
476.5	1	
477.5	0	
478.5	0	
479.5	2	
480.5	2	
481.5	0	
482.5	0	
483.5	0	
484.5	1	
485.5	1	
486.5	1	
487.5	0	
488.5	2	
489.5	0	
490.5	0	
491.5	1	
492.5	0	
493.5	0	
494.5	1	
495.5	1	
496.5	1	
497.5	1	
498.5	1	
499.5	0	
500.5	0	
501.5	1	
502.5	0	
503.5	1	
504.5	3	
505.5	1	
506.5	3	
507.5	1	
508.5	0	
509.5	1	
510.5	2	
511.5	0	
512.5	0	
513.5	0	
514.5	1	
515.5	1	
516.5	0	
517.5	1	
518.5	1	
519.5	0	
520.5	2	
521.5	2	
522.5	0	
523.5	1	
524.5	1	
525.5	4	
526.5	0	
527.5	0	
528.5	2	
529.5	1	
530.5	0	
531.5	2	
532.5	2	
533.5	2	
534.5	0	
535.5	1	
536.5	0	
537.5	2	
538.5	0	
539.5	1	
540.5	3	
541.5	0	
542.5	0	
543.5	0	
544.5	1	
545.5	0	
546.5	0	
547.5	0	
548.5	1	
549.5	1	
550.5	0	
551.5	0	
552.5	0	
553.5	1	
554.5	1	
555.5	2	
556.5	1	
557.5	1	
558.5	1	
559.5	1	
560.5	1	
561.5	1	
562.5	0	
563.5	0	
564.5	0	
565.5	2	
566.5	1	
567.5	0	
568.5	2	
569.5	2	
570.5	2	
571.5	4	
572.5	2	
573.5	1	
574.5	2	
575.5	2	
576.5	2	
577.5	3	
578.5	1	
579.5	0	
580.5	3	
581.5	1	
582.5	2	
583.5	0	
584.5	1	
585.5	0	
586.5	3	
587.5	2	
588.5	4	
589.5	6	
590.5	3	
591.5	6	
592.5	4	
593.5	4	
594.5	10	
595.5	6	
596.5	8	
597.5	4	
598.5	4	
599.5	6	
600.5	10	
601.5	15	
602.5	11	
603.5	9	
604.5	15	
605.5	16	
606.5	14	
607.5	23	
608.5	11	
609.5	18	
610.5	23	
611.5	18	
612.5	19	
613.5	24	
614.5	20	
615.5	25	
616.5	35	
617.5	32	
618.5	36	
619.5	30	
620.5	42	
621.5	37	
622.5	41	
623.5	49	
624.5	41	
625.5	41	
626.5	53	
627.5	57	
628.5	75	
629.5	55	
630.5	81	
631.5	67	
632.5	66	
633.5	85	
634.5	71	
635.5	92	
636.5	92	
637.5	63	
638.5	92	
639.5	99	
640.5	115	
641.5	102	
642.5	122	
643.5	141	
644.5	123	
645.5	135	
646.5	153	
647.5	122	
648.5	131	
649.5	143	
650.5	163	
651.5	133	
652.5	138	
653.5	165	
654.5	182	
655.5	172	
656.5	178	
657.5	185	
658.5	159	
659.5	205	
660.5	186	
661.5	165	
662.5	173	
663.5	213	
664.5	213	
665.5	193	
666.5	196	
667.5	198	
668.5	208	
669.5	232	
670.5	229	
671.5	213	
672.5	219	
673.5	210	
674.5	233	
675.5	200	
676.5	216	
677.5	215	
678.5	192	
679.5	212	
680.5	174	
681.5	202	
682.5	200	
683.5	182	
684.5	206	
685.5	192	
686.5	188	
687.5	197	
688.5	155	
689.5	179	
690.5	156	
691.5	142	
692.5	152	
693.5	155	
694.5	164	
695.5	148	
696.5	140	
697.5	127	
698.5	132	
699.5	134	
700.5	124	
701.5	116	
702.5	129	
703.5	131	
704.5	114	
705.5	108	
706.5	88	
707.5	94	
708.5	96	
709.5	86	
710.5	81	
711.5	76	
712.5	75	
713.5	80	
714.5	67	
715.5	65	
716.5	67	
717.5	54	
718.5	57	
719.5	56	
720.5	54	
721.5	53	
722.5	37	
723.5	26	
724.5	43	
725.5	31	
726.5	27	
727.5	27	
728.5	26	
729.5	19	
730.5	36	
731.5	25	
732.5	24	
733.5	29	
734.5	15	
735.5	20	
736.5	13	
737.5	17	
738.5	21	
739.5	16	
740.5	19	
741.5	9	
742.5	6	
743.5	14	
744.5	9	
745.5	6	
746.5	13	
747.5	7	
748.5	7	
749.5	3	
750.5	2	
751.5	8	
752.5	5	
753.5	8	
754.5	5	
755.5	3	
756.5	7	
757.5	9	
758.5	4	
759.5	5	
760.5	7	
761.5	4	
762.5	5	
763.5	6	
764.5	3	
765.5	6	
766.5	3	
767.5	5	
768.5	5	
769.5	6	
770.5	2	
771.5	4	
772.5	3	
773.5	2	
774.5	4	
775.5	3	
776.5	2	
777.5	4	
778.5	3	
779.5	3	
780.5	7	
781.5	4	
782.5	4	
783.5	9	
784.5	2	
785.5	2	
786.5	2	
787.5	4	
788.5	5	
789.5	2	
790.5	6	
791.5	4	
792.5	7	
793.5	2	
794.5	1	
795.5	2	
796.5	7	
797.5	5	
798.5	2	
799.5	3	
800.5	2	
801.5	8	
802.5	0	
803.5	4	
804.5	7	
805.5	4	
806.5	3	
807.5	3	
808.5	4	
809.5	6	
810.5	8	
811.5	2	
812.5	6	
813.5	3	
814.5	6	
815.5	5	
816.5	4	
817.5	6	
818.5	5	
819.5	4	
820.5	7	
821.5	1	
822.5	2	
823.5	7	
824.5	3	
825.5	7	
826.5	4	
827.5	7	
828.5	5	
829.5	4	
830.5	4	
831.5	3	
832.5	5	
833.5	4	
834.5	3	
835.5	7	
836.5	5	
837.5	9	
838.5	6	
839.5	6	
840.5	3	
841.5	3	
842.5	3	
843.5	6	
844.5	0	
845.5	2	
846.5	5	
847.5	5	
848.5	5	
849.5	1	
850.5	2	
851.5	5	
852.5	5	
853.5	5	
854.5	5	
855.5	1	
856.5	1	
857.5	1	
858.5	5	
859.5	6	
860.5	6	
861.5	2	
862.5	1	
863.5	6	
864.5	6	
865.5	3	
866.5	7	
867.5	7	
868.5	1	
869.5	2	
870.5	2	
871.5	4	
872.5	0	
873.5	7	
874.5	8	
875.5	4	
876.5	2	
877.5	6	
878.5	1	
879.5	4	
880.5	3	
881.5	2	
882.5	6	
883.5	1	
884.5	4	
885.5	4	
886.5	3	
887.5	6	
888.5	3	
889.5	1	
890.5	4	
891.5	3	
892.5	4	
893.5	8	
894.5	1	
895.5	3	
896.5	6	
897.5	11	
898.5	5	
899.5	4	
900.5	6	
901.5	6	
902.5	3	
903.5	4	
904.5	12	
905.5	8	
906.5	6	
907.5	9	
908.5	9	
909.5	8	
910.5	3	
911.5	8	
912.5	10	
913.5	11	
914.5	9	
915.5	13	
916.5	9	
917.5	7	
918.5	18	
919.5	7	
920.5	10	
921.5	13	
922.5	11	
923.5	17	
924.5	14	
925.5	19	
926.5	21	
927.5	18	
928.5	18	
929.5	29	
930.5	28	
931.5	22	
932.5	31	
933.5	22	
934.5	23	
935.5	29	
936.5	25	
937.5	35	
938.5	33	
939.5	36	
940.5	30	
941.5	29	
942.5	46	
943.5	57	
944.5	48	
945.5	51	
946.5	57	
947.5	63	
948.5	70	
949.5	77	
950.5	76	
951.5	66	
952.5	60	
953.5	79	
954.5	78	
955.5	76	
956.5	93	
957.5	101	
958.5	119	
959.5	122	
960.5	100	
961.5	122	
962.5	117	
963.5	127	
964.5	152	
965.5	160	
966.5	134	
967.5	124	
968.5	167	
969.5	164	
970.5	195	
971.5	185	
972.5	175	
973.5	208	
974.5	204	
975.5	220	
976.5	222	
977.5	209	
978.5	232	
979.5	226	
980.5	221	
981.5	251	
982.5	243	
983.5	248	
984.5	233	
985.5	255	
986.5	257	
987.5	313	
988.5	285	
989.5	284	
990.5	298	
991.5	284	
992.5	304	
993.5	319	
994.5	335	
995.5	324	
996.5	318	
997.5	332	
998.5	307	
999.5	336	
1000.5	355	
1001.5	324	
1002.5	317	
1003.5	341	
1004.5	335	
1005.5	342	
1006.5	351	
1007.5	355	
1008.5	337	
1009.5	322	
1010.5	310	
1011.5	345	
1012.5	312	
1013.5	347	
1014.5	325	
1015.5	280	
1016.5	308	
1017.5	292	
1018.5	313	
1019.5	296	
1020.5	313	
1021.5	319	
1022.5	267	
1023.5	312	
1024.5	318	
1025.5	255	
1026.5	265	
1027.5	266	
1028.5	287	
1029.5	260	
1030.5	243	
1031.5	235	
1032.5	245	
1033.5	226	
1034.5	212	
1035.5	245	
1036.5	246	
1037.5	196	
1038.5	213	
1039.5	207	
1040.5	186	
1041.5	187	
1042.5	183	
1043.5	154	
1044.5	144	
1045.5	139	
1046.5	137	
1047.5	168	
1048.5	125	
1049.5	152	
1050.5	129	
1051.5	125	
1052.5	132	
1053.5	115	
1054.5	115	
1055.5	110	
1056.5	113	
1057.5	84	
1058.5	87	
1059.5	92	
1060.5	74	
1061.5	69	
1062.5	80	
1063.5	60	
1064.5	66	
1065.5	61	
1066.5	70	
1067.5	48	
1068.5	50	
1069.5	56	
1070.5	40	
1071.5	63	
1072.5	41	
1073.5	44	
1074.5	48	
1075.5	35	
1076.5	36	
1077.5	25	
1078.5	27	
1079.5	25	
1080.5	35	
1081.5	25	
1082.5	19	
1083.5	24	
1084.5	29	
1085.5	21	
1086.5	19	
1087.5	24	
1088.5	13	
1089.5	17	
1090.5	14	
1091.5	17	
1092.5	19	
1093.5	13	
1094.5	23	
1095.5	6	
1096.5	8	
1097.5	18	
1098.5	18	
1099.5	12	
1100.5	19	
1101.5	17	
1102.5	16	
1103.5	11	
1104.5	13	
1105.5	12	
1106.5	9	
1107.5	9	
1108.5	15	
1109.5	13	
1110.5	12	
1111.5	13	
1112.5	13	
1113.5	10	
1114.5	5	
1115.5	8	
1116.5	7	
1117.5	6	
1118.5	11	
1119.5	9	
1120.5	9	
1121.5	10	
1122.5	12	
1123.5	11	
1124.5	10	
1125.5	7	
1126.5	9	
1127.5	8	
1128.5	10	
1129.5	8	
1130.5	9	
1131.5	13	
1132.5	8	
1133.5	13	
1134.5	11	
1135.5	15	
1136.5	11	
1137.5	16	
1138.5	17	
1139.5	11	
1140.5	8	
1141.5	9	
1142.5	9	
1143.5	7	
1144.5	10	
1145.5	11	
1146.5	19	
1147.5	13	
1148.5	9	
1149.5	10	
1150.5	11	
1151.5	12	
1152.5	9	
1153.5	11	
1154.5	12	
1155.5	13	
1156.5	5	
1157.5	9	
1158.5	10	
1159.5	5	
1160.5	7	
1161.5	14	
1162.5	14	
1163.5	15	
1164.5	15	
1165.5	13	
1166.5	11	
1167.5	11	
1168.5	14	
1169.5	11	
1170.5	9	
1171.5	11	
1172.5	8	
1173.5	9	
1174.5	8	
1175.5	13	
1176.5	12	
1177.5	8	
1178.5	12	
1179.5	11	
1180.5	15	
1181.5	13	
1182.5	9	
1183.5	17	
1184.5	7	
1185.5	9	
1186.5	6	
1187.5	10	
1188.5	9	
1189.5	10	
1190.5	5	
1191.5	9	
1192.5	9	
1193.5	12	
1194.5	12	
1195.5	8	
1196.5	8	
1197.5	19	
1198.5	14	
1199.5	11	
1200.5	10	
1201.5	13	
1202.5	10	
1203.5	11	
1204.5	5	
1205.5	9	
1206.5	17	
1207.5	9	
1208.5	19	
1209.5	9	
1210.5	5	
1211.5	13	
1212.5	16	
1213.5	5	
1214.5	20	
1215.5	15	
1216.5	12	
1217.5	16	
1218.5	12	
1219.5	9	
1220.5	6	
1221.5	15	
1222.5	8	
1223.5	14	
1224.5	7	
1225.5	10	
1226.5	13	
1227.5	17	
1228.5	13	
1229.5	9	
1230.5	10	
1231.5	15	
1232.5	3	
1233.5	14	
1234.5	22	
1235.5	9	
1236.5	13	
1237.5	16	
1238.5	10	
1239.5	20	
1240.5	15	
1241.5	19	
1242.5	9	
1243.5	17	
1244.5	17	
1245.5	22	
1246.5	17	
1247.5	24	
1248.5	18	
1249.5	20	
1250.5	27	
1251.5	24	
1252.5	26	
1253.5	28	
1254.5	27	
1255.5	28	
1256.5	37	
1257.5	31	
1258.5	21	
1259.5	32	
1260.5	37	
1261.5	44	
1262.5	43	
1263.5	48	
1264.5	50	
1265.5	51	
1266.5	56	
1267.5	52	
1268.5	56	
1269.5	66	
1270.5	69	
1271.5	70	
1272.5	68	
1273.5	68	
1274.5	78	
1275.5	66	
1276.5	71	
1277.5	82	
1278.5	94	
1279.5	93	
1280.5	99	
1281.5	103	
1282.5	104	
1283.5	104	
1284.5	113	
1285.5	113	
1286.5	142	
1287.5	148	
1288.5	134	
1289.5	177	
1290.5	171	
1291.5	163	
1292.5	158	
1293.5	178	
1294.5	185	
1295.5	200	
1296.5	180	
1297.5	224	
1298.5	173	
1299.5	193	
1300.5	242	
1301.5	233	
1302.5	217	
1303.5	256	
1304.5	220	
1305.5	267	
1306.5	246	
1307.5	273	
1308.5	253	
1309.5	297	
1310.5	280	
1311.5	256	
1312.5	290	
1313.5	325	
1314.5	311	
1315.5	324	
1316.5	310	
1317.5	368	
1318.5	330	
1319.5	301	
1320.5	374	
1321.5	325	
1322.5	354	
1323.5	337	
1324.5	378	
1325.5	379	
1326.5	330	
1327.5	383	
1328.5	376	
1329.5	430	
1330.5	398	
1331.5	395	
1332.5	395	
1333.5	422	
1334.5	363	
1335.5	384	
1336.5	389	
1337.5	415	
1338.5	425	
1339.5	437	
1340.5	418	
1341.5	384	
1342.5	415	
1343.5	409	
1344.5	422	
1345.5	469	
1346.5	412	
1347.5	373	
1348.5	424	
1349.5	389	
1350.5	422	
1351.5	389	
1352.5	404	
1353.5	372	
1354.5	377	
1355.5	368	
1356.5	365	
1357.5	363	
1358.5	364	
1359.5	354	
1360.5	358	
1361.5	352	
1362.5	371	
1363.5	329	
1364.5	378	
1365.5	341	
1366.5	301	
1367.5	297	
1368.5	287	
1369.5	290	
1370.5	273	
1371.5	288	
1372.5	257	
1373.5	276	
1374.5	287	
1375.5	244	
1376.5	272	
1377.5	227	
1378.5	233	
1379.5	238	
1380.5	237	
1381.5	207	
1382.5	213	
1383.5	213	
1384.5	202	
1385.5	177	
1386.5	186	
1387.5	201	
1388.5	155	
1389.5	177	
1390.5	154	
1391.5	158	
1392.5	149	
1393.5	135	
1394.5	145	
1395.5	138	
1396.5	134	
1397.5	131	
1398.5	98	
1399.5	92	
1400.5	111	
1401.5	99	
1402.5	100	
1403.5	102	
1404.5	87	
1405.5	91	
1406.5	78	
1407.5	87	
1408.5	77	
1409.5	80	
1410.5	57	
1411.5	76	
1412.5	52	
1413.5	71	
1414.5	66	
1415.5	56	
1416.5	62	
1417.5	45	
1418.5	45	
1419.5	43	
1420.5	50	
1421.5	45	
1422.5	29	
1423.5	34	
1424.5	36	
1425.5	33	
1426.5	30	
1427.5	36	
1428.5	45	
1429.5	35	
1430.5	27	
1431.5	27	
1432.5	23	
1433.5	29	
1434.5	20	
1435.5	31	
1436.5	19	
1437.5	25	
1438.5	30	
1439.5	33	
1440.5	21	
1441.5	29	
1442.5	18	
1443.5	20	
1444.5	24	
1445.5	23	
1446.5	25	
1447.5	22	
1448.5	29	
1449.5	28	
1450.5	22	
1451.5	25	
1452.5	18	
1453.5	24	
1454.5	20	
1455.5	9	
1456.5	24	
1457.5	14	
1458.5	20	
1459.5	23	
1460.5	16	
1461.5	19	
1462.5	19	
1463.5	23	
1464.5	29	
1465.5	23	
1466.5	18	
1467.5	18	
1468.5	14	
1469.5	16	
1470.5	17	
1471.5	16	
1472.5	14	
1473.5	17	
1474.5	29	
1475.5	18	
1476.5	21	
1477.5	20	
1478.5	20	
1479.5	20	
1480.5	30	
1481.5	21	
1482.5	16	
1483.5	18	
1484.5	18	
1485.5	17	
1486.5	22	
1487.5	13	
1488.5	20	
1489.5	19	
1490.5	23	
1491.5	27	
1492.5	18	
1493.5	20	
1494.5	21	
1495.5	21	
1496.5	19	
1497.5	16	
1498.5	22	
1499.5	21	
1500.5	20	
1501.5	23	
1502.5	11	
1503.5	20	
1504.5	14	
1505.5	17	
1506.5	20	
1507.5	18	
1508.5	27	
1509.5	22	
1510.5	18	
1511.5	25	
1512.5	17	
1513.5	16	
1514.5	25	
1515.5	15	
1516.5	19	
1517.5	24	
1518.5	21	
1519.5	14	
1520.5	21	
1521.5	16	
1522.5	10	
1523.5	22	
1524.5	14	
1525.5	16	
1526.5	22	
1527.5	19	
1528.5	21	
1529.5	22	
1530.5	15	
1531.5	23	
1532.5	21	
1533.5	17	
1534.5	25	
1535.5	22	
1536.5	14	
1537.5	20	
1538.5	20	
1539.5	19	
1540.5	21	
1541.5	19	
1542.5	17	
1543.5	19	
1544.5	16	
1545.5	26	
1546.5	20	
1547.5	24	
1548.5	16	
1549.5	15	
1550.5	11	
1551.5	20	
1552.5	21	
1553.5	20	
1554.5	25	
1555.5	21	
1556.5	22	
1557.5	20	
1558.5	20	
1559.5	15	
1560.5	24	
1561.5	19	
1562.5	18	
1563.5	21	
1564.5	24	
1565.5	30	
1566.5	23	
1567.5	22	
1568.5	38	
1569.5	34	
1570.5	36	
1571.5	28	
1572.5	25	
1573.5	30	
1574.5	28	
1575.5	42	
1576.5	29	
1577.5	37	
1578.5	36	
1579.5	33	
1580.5	38	
1581.5	38	
1582.5	34	
1583.5	38	
1584.5	48	
1585.5	45	
1586.5	42	
1587.5	46	
1588.5	44	
1589.5	61	
1590.5	46	
1591.5	37	
1592.5	43	
1593.5	54	
1594.5	61	
1595.5	53	
1596.5	47	
1597.5	68	
1598.5	78	
1599.5	69	
1600.5	71	
1601.5	82	
1602.5	78	
1603.5	86	
1604.5	91	
1605.5	87	
1606.5	94	
1607.5	119	
1608.5	110	
1609.5	106	
1610.5	109	
1611.5	127	
1612.5	139	
1613.5	139	
1614.5	132	
1615.5	127	
1616.5	145	
1617.5	143	
1618.5	140	
1619.5	164	
1620.5	152	
1621.5	165	
1622.5	153	
1623.5	173	
1624.5	201	
1625.5	169	
1626.5	207	
1627.5	205	
1628.5	240	
1629.5	203	
1630.5	228	
1631.5	230	
1632.5	262	
1633.5	218	
1634.5	233	
1635.5	195	
1636.5	292	
1637.5	233	
1638.5	296	
1639.5	273	
1640.5	263	
1641.5	307	
1642.5	288	
1643.5	297	
1644.5	291	
1645.5	305	
1646.5	286	
1647.5	313	
1648.5	327	
1649.5	311	
1650.5	344	
1651.5	297	
1652.5	397	
1653.5	337	
1654.5	361	
1655.5	368	
1656.5	349	
1657.5	347	
1658.5	388	
1659.5	394	
1660.5	342	
1661.5	386	
1662.5	419	
1663.5	360	
1664.5	388	
1665.5	384	
1666.5	410	
1667.5	424	
1668.5	403	
1669.5	448	
1670.5	428	
1671.5	403	
1672.5	406	
1673.5	379	
1674.5	419	
1675.5	419	
1676.5	411	
1677.5	417	
1678.5	375	
1679.5	420	
1680.5	390	
1681.5	358	
1682.5	409	
1683.5	423	
1684.5	437	
1685.5	396	
1686.5	419	
1687.5	406	
1688.5	388	
1689.5	377	
1690.5	354	
1691.5	349	
1692.5	344	
1693.5	367	
1694.5	403	
1695.5	355	
1696.5	359	
1697.5	354	
1698.5	335	
1699.5	347	
1700.5	352	
1701.5	303	
1702.5	303	
1703.5	321	
1704.5	306	
1705.5	314	
1706.5	303	
1707.5	286	
1708.5	292	
1709.5	251	
1710.5	267	
1711.5	261	
1712.5	274	
1713.5	255	
1714.5	239	
1715.5	238	
1716.5	245	
1717.5	217	
1718.5	227	
1719.5	195	
1720.5	244	
1721.5	225	
1722.5	193	
1723.5	190	
1724.5	203	
1725.5	169	
1726.5	181	
1727.5	183	
1728.5	199	
1729.5	172	
1730.5	168	
1731.5	162	
1732.5	153	
1733.5	116	
1734.5	155	
1735.5	133	
1736.5	128	
1737.5	111	
1738.5	115	
1739.5	101	
1740.5	122	
1741.5	99	
1742.5	103	
1743.5	108	
1744.5	93	
1745.5	94	
1746.5	84	
1747.5	72	
1748.5	84	
1749.5	74	
1750.5	70	
1751.5	84	
1752.5	64	
1753.5	62	
1754.5	61	
1755.5	62	
1756.5	50	
1757.5	64	
1758.5	49	
1759.5	59	
1760.5	53	
1761.5	62	
1762.5	35	
1763.5	51	
1764.5	54	
1765.5	47	
1766.5	48	
1767.5	44	
1768.5	36	
1769.5	35	
1770.5	37	
1771.5	30	
1772.5	38	
1773.5	34	
1774.5	29	
1775.5	25	
1776.5	30	
1777.5	39	
1778.5	38	
1779.5	25	
1780.5	37	
1781.5	32	
1782.5	24	
1783.5	33	
1784.5	41	
1785.5	33	
1786.5	31	
1787.5	29	
1788.5	36	
1789.5	30	
1790.5	25	
1791.5	26	
1792.5	24	
1793.5	26	
1794.5	27	
1795.5	16	
1796.5	31	
1797.5	33	
1798.5	26	
1799.5	25	
1800.5	30	
1801.5	26	
1802.5	35	
1803.5	33	
1804.5	28	
1805.5	25	
1806.5	29	
1807.5	28	
1808.5	29	
1809.5	26	
1810.5	24	
1811.5	23	
1812.5	31	
1813.5	20	
1814.5	24	
1815.5	21	
1816.5	23	
1817.5	31	
1818.5	13	
1819.5	23	
1820.5	31	
1821.5	24	
1822.5	22	
1823.5	29	
1824.5	24	
1825.5	18	
1826.5	26	
1827.5	32	
1828.5	29	
1829.5	20	
1830.5	26	
1831.5	38	
1832.5	26	
1833.5	28	
1834.5	26	
1835.5	23	
1836.5	29	
1837.5	28	
1838.5	26	
1839.5	23	
1840.5	36	
1841.5	27	
1842.5	21	
1843.5	15	
1844.5	25	
1845.5	33	
1846.5	30	
1847.5	20	
1848.5	32	
1849.5	33	
1850.5	32	
1851.5	31	
1852.5	25	
1853.5	38	
1854.5	30	
1855.5	20	
1856.5	27	
1857.5	20	
1858.5	29	
1859.5	27	
1860.5	17	
1861.5	25	
1862.5	18	
1863.5	28	
1864.5	37	
1865.5	31	
1866.5	25	
1867.5	26	
1868.5	21	
1869.5	26	
1870.5	29	
1871.5	30	
1872.5	28	
1873.5	22	
1874.5	23	
1875.5	34	
1876.5	24	
1877.5	19	
1878.5	29	
1879.5	21	
1880.5	30	
1881.5	26	
1882.5	17	
1883.5	29	
1884.5	26	
1885.5	29	
1886.5	30	
1887.5	30	
1888.5	26	
1889.5	33	
1890.5	25	
1891.5	21	
1892.5	36	
1893.5	32	
1894.5	23	
1895.5	30	
1896.5	34	
1897.5	29	
1898.5	25	
1899.5	22	
1900.5	30	
1901.5	36	
1902.5	37	
1903.5	40	
1904.5	34	
1905.5	42	
1906.5	38	
1907.5	44	
1908.5	42	
1909.5	37	
1910.5	36	
1911.5	39	
1912.5	45	
1913.5	46	
1914.5	51	
1915.5	48	
1916.5	50	
1917.5	43	
1918.5	56	
1919.5	53	
1920.5	58	
1921.5	59	
1922.5	72	
1923.5	69	
1924.5	66	
1925.5	74	
1926.5	85	
1927.5	68	
1928.5	74	
1929.5	89	
1930.5	86	
1931.5	78	
1932.5	89	
1933.5	94	
1934.5	89	
1935.5	90	
1936.5	80	
1937.5	95	
1938.5	108	
1939.5	70	
1940.5	117	
1941.5	113	
1942.5	111	
1943.5	109	
1944.5	111	
1945.5	127	
1946.5	145	
1947.5	135	
1948.5	163	
1949.5	140	
1950.5	147	
1951.5	136	
1952.5	137	
1953.5	128	
1954.5	156	
1955.5	182	
1956.5	176	
1957.5	148	
1958.5	185	
1959.5	190	
1960.5	184	
1961.5	187	
1962.5	187	
1963.5	200	
1964.5	232	
1965.5	224	
1966.5	193	
1967.5	232	
1968.5	210	
1969.5	252	
1970.5	239	
1971.5	260	
1972.5	225	
1973.5	238	
1974.5	270	
1975.5	246	
1976.5	237	
1977.5	273	
1978.5	322	
1979.5	308	
1980.5	274	
1981.5	255	
1982.5	282	
1983.5	288	
1984.5	302	
1985.5	325	
1986.5	337	
1987.5	318	
1988.5	317	
1989.5	331	
1990.5	313	
1991.5	308	
1992.5	315	
1993.5	321	
1994.5	317	
1995.5	357	
1996.5	329	
1997.5	344	
1998.5	326	
1999.5	323	
2000.5	345	
2001.5	356	
2002.5	340	
2003.5	338	
2004.5	349	
2005.5	370	
2006.5	357	
2007.5	338	
2008.5	333	
2009.5	315	
2010.5	356	
2011.5	368	
2012.5	365	
2013.5	349	
2014.5	368	
2015.5	361	
2016.5	349	
2017.5	341	
2018.5	377	
2019.5	337	
2020.5	343	
2021.5	325	
2022.5	304	
2023.5	345	
2024.5	365	
2025.5	318	
2026.5	317	
2027.5	349	
2028.5	327	
2029.5	326	
2030.5	294	
2031.5	299	
2032.5	287	
2033.5	315	
2034.5	310	
2035.5	316	
2036.5	297	
2037.5	279	
2038.5	300	
2039.5	248	
2040.5	269	
2041.5	289	
2042.5	277	
2043.5	247	
2044.5	238	
2045.5	245	
2046.5	260	
2047.5	216	
2048.5	226	
2049.5	232	
2050.5	233	
2051.5	237	
2052.5	212	
2053.5	209	
2054.5	195	
2055.5	184	
2056.5	194	
2057.5	192	
2058.5	204	
2059.5	164	
2060.5	165	
2061.5	180	
2062.5	167	
2063.5	169	
2064.5	157	
2065.5	143	
2066.5	151	
2067.5	142	
2068.5	129	
2069.5	129	
2070.5	116	
2071.5	133	
2072.5	121	
2073.5	127	
2074.5	105	
2075.5	123	
2076.5	120	
2077.5	121	
2078.5	99	
2079.5	113	
2080.5	108	
2081.5	94	
2082.5	104	
2083.5	87	
2084.5	97	
2085.5	78	
2086.5	88	
2087.5	104	
2088.5	68	
2089.5	70	
2090.5	87	
2091.5	67	
2092.5	95	
2093.5	77	
2094.5	69	
2095.5	59	
2096.5	57	
2097.5	57	
2098.5	50	
2099.5	53	
2100.5	45	
2101.5	64	
2102.5	50	
2103.5	49	
2104.5	61	
2105.5	45	
2106.5	32	
2107.5	39	
2108.5	43	
2109.5	56	
2110.5	40	
2111.5	38	
2112.5	50	
2113.5	39	
2114.5	45	
2115.5	41	
2116.5	51	
2117.5	52	
2118.5	25	
2119.5	34	
2120.5	33	
2121.5	25	
2122.5	38	
2123.5	31	
2124.5	28	
2125.5	41	
2126.5	39	
2127.5	34	
2128.5	26	
2129.5	29	
2130.5	35	
2131.5	33	
2132.5	34	
2133.5	26	
2134.5	29	
2135.5	34	
2136.5	32	
2137.5	29	
2138.5	36	
2139.5	28	
2140.5	36	
2141.5	35	
2142.5	32	
2143.5	27	
2144.5	24	
2145.5	29	
2146.5	19	
2147.5	37	
2148.5	28	
2149.5	23	
2150.5	29	
2151.5	32	
2152.5	21	
2153.5	34	
2154.5	44	
2155.5	18	
2156.5	33	
2157.5	27	
2158.5	29	
2159.5	23	
2160.5	30	
2161.5	30	
2162.5	36	
2163.5	25	
2164.5	31	
2165.5	33	
2166.5	29	
2167.5	30	
2168.5	34	
2169.5	32	
2170.5	28	
2171.5	31	
2172.5	23	
2173.5	20	
2174.5	20	
2175.5	23	
2176.5	31	
2177.5	23	
2178.5	28	
2179.5	25	
2180.5	28	
2181.5	24	
2182.5	26	
2183.5	30	
2184.5	28	
2185.5	25	
2186.5	23	
2187.5	23	
2188.5	28	
2189.5	36	
2190.5	25	
2191.5	25	
2192.5	33	
2193.5	31	
2194.5	38	
2195.5	36	
2196.5	37	
2197.5	22	
2198.5	29	
2199.5	30	
2200.5	31	
2201.5	28	
2202.5	26	
2203.5	35	
2204.5	22	
2205.5	20	
2206.5	26	
2207.5	21	
2208.5	31	
2209.5	26	
2210.5	26	
2211.5	27	
2212.5	26	
2213.5	39	
2214.5	32	
2215.5	28	
2216.5	31	
2217.5	27	
2218.5	22	
2219.5	34	
2220.5	28	
2221.5	30	
2222.5	28	
2223.5	30	
2224.5	40	
2225.5	38	
2226.5	35	
2227.5	39	
2228.5	32	
2229.5	25	
2230.5	36	
2231.5	29	
2232.5	39	
2233.5	36	
2234.5	36	
2235.5	39	
2236.5	43	
2237.5	51	
2238.5	56	
2239.5	36	
2240.5	39	
2241.5	49	
2242.5	48	
2243.5	51	
2244.5	46	
2245.5	43	
2246.5	53	
2247.5	53	
2248.5	51	
2249.5	46	
2250.5	61	
2251.5	52	
2252.5	47	
2253.5	51	
2254.5	63	
2255.5	35	
2256.5	60	
2257.5	55	
2258.5	66	
2259.5	75	
2260.5	57	
2261.5	88	
2262.5	71	
2263.5	82	
2264.5	79	
2265.5	91	
2266.5	73	
2267.5	80	
2268.5	82	
2269.5	87	
2270.5	79	
2271.5	89	
2272.5	93	
2273.5	98	
2274.5	90	
2275.5	112	
2276.5	100	
2277.5	114	
2278.5	110	
2279.5	133	
2280.5	104	
2281.5	107	
2282.5	130	
2283.5	126	
2284.5	118	
2285.5	127	
2286.5	149	
2287.5	135	
2288.5	129	
2289.5	158	
2290.5	128	
2291.5	137	
2292.5	150	
2293.5	157	
2294.5	178	
2295.5	181	
2296.5	161	
2297.5	179	
2298.5	147	
2299.5	177	
2300.5	160	
2301.5	193	
2302.5	203	
2303.5	209	
2304.5	193	
2305.5	200	
2306.5	199	
2307.5	206	
2308.5	206	
2309.5	200	
2310.5	196	
2311.5	197	
2312.5	218	
2313.5	205	
2314.5	226	
2315.5	235	
2316.5	214	
2317.5	208	
2318.5	222	
2319.5	200	
2320.5	248	
2321.5	231	
2322.5	264	
2323.5	227	
2324.5	230	
2325.5	201	
2326.5	231	
2327.5	241	
2328.5	271	
2329.5	243	
2330.5	258	
2331.5	257	
2332.5	247	
2333.5	230	
2334.5	249	
2335.5	249	
2336.5	266	
2337.5	255	
2338.5	245	
2339.5	262	
2340.5	266	
2341.5	240	
2342.5	234	
2343.5	275	
2344.5	240	
2345.5	266	
2346.5	268	
2347.5	274	
2348.5	270	
2349.5	256	
2350.5	215	
2351.5	237	
2352.5	253	
2353.5	249	
2354.5	237	
2355.5	253	
2356.5	220	
2357.5	226	
2358.5	249	
2359.5	211	
2360.5	234	
2361.5	224	
2362.5	236	
2363.5	184	
2364.5	243	
2365.5	254	
2366.5	233	
2367.5	224	
2368.5	220	
2369.5	199	
2370.5	219	
2371.5	219	
2372.5	201	
2373.5	192	
2374.5	206	
2375.5	186	
2376.5	216	
2377.5	177	
2378.5	191	
2379.5	183	
2380.5	185	
2381.5	167	
2382.5	175	
2383.5	170	
2384.5	171	
2385.5	171	
2386.5	177	
2387.5	171	
2388.5	163	
2389.5	167	
2390.5	153	
2391.5	144	
2392.5	153	
2393.5	159	
2394.5	147	
2395.5	154	
2396.5	148	
2397.5	138	
2398.5	139	
2399.5	135	
2400.5	136	
2401.5	139	
2402.5	129	
2403.5	98	
2404.5	105	
2405.5	114	
2406.5	98	
2407.5	116	
2408.5	108	
2409.5	76	
2410.5	107	
2411.5	84	
2412.5	87	
2413.5	76	
2414.5	85	
2415.5	97	
2416.5	81	
2417.5	78	
2418.5	74	
2419.5	70	
2420.5	91	
2421.5	66	
2422.5	82	
2423.5	70	
2424.5	90	
2425.5	67	
2426.5	57	
2427.5	58	
2428.5	47	
2429.5	63	
2430.5	59	
2431.5	54	
2432.5	61	
2433.5	48	
2434.5	53	
2435.5	63	
2436.5	50	
2437.5	55	
2438.5	42	
2439.5	41	
2440.5	54	
2441.5	51	
2442.5	32	
2443.5	48	
2444.5	39	
2445.5	40	
2446.5	37	
2447.5	39	
2448.5	33	
2449.5	42	
2450.5	36	
2451.5	30	
2452.5	30	
2453.5	40	
2454.5	27	
2455.5	35	
2456.5	31	
2457.5	31	
2458.5	30	
2459.5	38	
2460.5	31	
2461.5	24	
2462.5	29	
2463.5	41	
2464.5	27	
2465.5	26	
2466.5	31	
2467.5	33	
2468.5	24	
2469.5	27	
2470.5	28	
2471.5	29	
2472.5	23	
2473.5	31	
2474.5	36	
2475.5	29	
2476.5	29	
2477.5	29	
2478.5	35	
2479.5	19	
2480.5	32	
2481.5	20	
2482.5	28	
2483.5	26	
2484.5	22	
2485.5	30	
2486.5	27	
2487.5	29	
2488.5	24	
2489.5	34	
2490.5	29	
2491.5	33	
2492.5	25	
2493.5	29	
2494.5	21	
2495.5	28	
2496.5	40	
2497.5	25	
2498.5	29	
2499.5	28	
2500.5	25	
2501.5	23	
2502.5	27	
2503.5	25	
2504.5	27	
2505.5	19	
2506.5	27	
2507.5	20	
2508.5	23	
2509.5	41	
2510.5	24	
2511.5	27	
2512.5	24	
2513.5	22	
2514.5	24	
2515.5	19	
2516.5	17	
2517.5	25	
2518.5	22	
2519.5	22	
2520.5	25	
2521.5	13	
2522.5	26	
2523.5	33	
2524.5	22	
2525.5	25	
2526.5	29	
2527.5	27	
2528.5	36	
2529.5	31	
2530.5	23	
2531.5	23	
2532.5	24	
2533.5	28	
2534.5	26	
2535.5	17	
2536.5	29	
2537.5	28	
2538.5	28	
2539.5	24	
2540.5	25	
2541.5	29	
2542.5	23	
2543.5	29	
2544.5	30	
2545.5	27	
2546.5	35	
2547.5	30	
2548.5	28	
2549.5	21	
2550.5	22	
2551.5	36	
2552.5	34	
2553.5	32	
2554.5	45	
2555.5	34	
2556.5	27	
2557.5	37	
2558.5	26	
2559.5	28	
2560.5	31	
2561.5	23	
2562.5	28	
2563.5	43	
2564.5	37	
2565.5	35	
2566.5	41	
2567.5	40	
2568.5	34	
2569.5	51	
2570.5	43	
2571.5	44	
2572.5	33	
2573.5	33	
2574.5	40	
2575.5	34	
2576.5	40	
2577.5	35	
2578.5	49	
2579.5	38	
2580.5	46	
2581.5	38	
2582.5	52	
2583.5	57	
2584.5	42	
2585.5	54	
2586.5	46	
2587.5	38	
2588.5	48	
2589.5	55	
2590.5	54	
2591.5	43	
2592.5	58	
2593.5	50	
2594.5	59	
2595.5	62	
2596.5	60	
2597.5	56	
2598.5	63	
2599.5	50	
2600.5	63	
2601.5	61	
2602.5	75	
2603.5	74	
2604.5	69	
2605.5	65	
2606.5	60	
2607.5	80	
2608.5	78	
2609.5	72	
2610.5	75	
2611.5	83	
2612.5	89	
2613.5	100	
2614.5	86	
2615.5	87	
2616.5	105	
2617.5	102	
2618.5	97	
2619.5	86	
2620.5	103	
2621.5	110	
2622.5	114	
2623.5	106	
2624.5	102	
2625.5	98	
2626.5	96	
2627.5	119	
2628.5	107	
2629.5	115	
2630.5	127	
2631.5	133	
2632.5	115	
2633.5	119	
2634.5	118	
2635.5	123	
2636.5	128	
2637.5	136	
2638.5	123	
2639.5	138	
2640.5	117	
2641.5	128	
2642.5	137	
2643.5	139	
2644.5	136	
2645.5	158	
2646.5	164	
2647.5	151	
2648.5	157	
2649.5	135	
2650.5	162	
2651.5	137	
2652.5	143	
2653.5	146	
2654.5	158	
2655.5	156	
2656.5	144	
2657.5	159	
2658.5	150	
2659.5	150	
2660.5	195	
2661.5	163	
2662.5	153	
2663.5	148	
2664.5	156	
2665.5	153	
2666.5	182	
2667.5	177	
2668.5	163	
2669.5	158	
2670.5	175	
2671.5	171	
2672.5	169	
2673.5	161	
2674.5	176	
2675.5	188	
2676.5	183	
2677.5	163	
2678.5	184	
2679.5	163	
2680.5	159	
2681.5	177	
2682.5	162	
2683.5	150	
2684.5	123	
2685.5	186	
2686.5	179	
2687.5	144	
2688.5	155	
2689.5	164	
2690.5	164	
2691.5	159	
2692.5	176	
2693.5	150	
2694.5	175	
2695.5	157	
2696.5	150	
2697.5	171	
2698.5	129	
2699.5	164	
2700.5	149	
2701.5	140	
2702.5	139	
2703.5	120	
2704.5	155	
2705.5	140	
2706.5	130	
2707.5	153	
2708.5	135	
2709.5	161	
2710.5	121	
2711.5	134	
2712.5	122	
2713.5	124	
2714.5	123	
2715.5	113	
2716.5	150	
2717.5	110	
2718.5	115	
2719.5	114	
2720.5	124	
2721.5	118	
2722.5	114	
2723.5	117	
2724.5	132	
2725.5	113	
2726.5	104	
2727.5	123	
2728.5	106	
2729.5	106	
2730.5	89	
2731.5	107	
2732.5	91	
2733.5	92	
2734.5	88	
2735.5	100	
2736.5	67	
2737.5	86	
2738.5	80	
2739.5	78	
2740.5	82	
2741.5	98	
2742.5	80	
2743.5	74	
2744.5	90	
2745.5	63	
2746.5	77	
2747.5	62	
2748.5	61	
2749.5	78	
2750.5	56	
2751.5	62	
2752.5	65	
2753.5	52	
2754.5	59	
2755.5	56	
2756.5	50	
2757.5	33	
2758.5	50	
2759.5	50	
2760.5	46	
2761.5	56	
2762.5	62	
2763.5	45	
2764.5	45	
2765.5	59	
2766.5	39	
2767.5	55	
2768.5	44	
2769.5	43	
2770.5	53	
2771.5	47	
2772.5	35	
2773.5	42	
2774.5	36	
2775.5	46	
2776.5	41	
2777.5	46	
2778.5	29	
2779.5	34	
2780.5	28	
2781.5	27	
2782.5	37	
2783.5	34	
2784.5	31	
2785.5	21	
2786.5	29	
2787.5	33	
2788.5	29	
2789.5	24	
2790.5	29	
2791.5	27	
2792.5	29	
2793.5	32	
2794.5	17	
2795.5	19	
2796.5	30	
2797.5	33	
2798.5	18	
2799.5	25	
2800.5	25	
2801.5	26	
2802.5	39	
2803.5	28	
2804.5	24	
2805.5	27	
2806.5	23	
2807.5	25	
2808.5	20	
2809.5	23	
2810.5	17	
2811.5	19	
2812.5	22	
2813.5	32	
2814.5	25	
2815.5	22	
2816.5	16	
2817.5	30	
2818.5	20	
2819.5	17	
2820.5	27	
2821.5	18	
2822.5	31	
2823.5	27	
2824.5	26	
2825.5	26	
2826.5	26	
2827.5	20	
2828.5	20	
2829.5	21	
2830.5	22	
2831.5	31	
2832.5	22	
2833.5	26	
2834.5	21	
2835.5	21	
2836.5	28	
2837.5	23	
2838.5	15	
2839.5	26	
2840.5	18	
2841.5	20	
2842.5	22	
2843.5	20	
2844.5	20	
2845.5	23	
2846.5	19	
2847.5	20	
2848.5	20	
2849.5	22	
2850.5	28	
2851.5	22	
2852.5	17	
2853.5	21	
2854.5	24	
2855.5	25	
2856.5	17	
2857.5	26	
2858.5	26	
2859.5	24	
2860.5	17	
2861.5	17	
2862.5	9	
2863.5	18	
2864.5	24	
2865.5	11	
2866.5	25	
2867.5	25	
2868.5	18	
2869.5	19	
2870.5	28	
2871.5	30	
2872.5	22	
2873.5	21	
2874.5	21	
2875.5	21	
2876.5	18	
2877.5	28	
2878.5	22	
2879.5	23	
2880.5	20	
2881.5	24	
2882.5	13	
2883.5	27	
2884.5	22	
2885.5	28	
2886.5	25	
2887.5	24	
2888.5	21	
2889.5	34	
2890.5	23	
2891.5	23	
2892.5	29	
2893.5	13	
2894.5	17	
2895.5	31	
2896.5	25	
2897.5	32	
2898.5	32	
2899.5	25	
2900.5	22	
2901.5	25	
2902.5	34	
2903.5	27	
2904.5	23	
2905.5	21	
2906.5	21	
2907.5	22	
2908.5	33	
2909.5	35	
2910.5	30	
2911.5	30	
2912.5	33	
2913.5	33	
2914.5	24	
2915.5	35	
2916.5	25	
2917.5	33	
2918.5	28	
2919.5	30	
2920.5	36	
2921.5	38	
2922.5	33	
2923.5	36	
2924.5	34	
2925.5	39	
2926.5	41	
2927.5	41	
2928.5	40	
2929.5	34	
2930.5	45	
2931.5	44	
2932.5	53	
2933.5	46	
2934.5	35	
2935.5	40	
2936.5	49	
2937.5	42	
2938.5	45	
2939.5	47	
2940.5	52	
2941.5	62	
2942.5	53	
2943.5	55	
2944.5	55	
2945.5	52	
2946.5	62	
2947.5	59	
2948.5	61	
2949.5	47	
2950.5	45	
2951.5	70	
2952.5	61	
2953.5	65	
2954.5	59	
2955.5	71	
2956.5	73	
2957.5	63	
2958.5	81	
2959.5	72	
2960.5	72	
2961.5	69	
2962.5	77	
2963.5	61	
2964.5	73	
2965.5	79	
2966.5	72	
2967.5	72	
2968.5	76	
2969.5	85	
2970.5	74	
2971.5	99	
2972.5	101	
2973.5	69	
2974.5	85	
2975.5	83	
2976.5	98	
2977.5	83	
2978.5	90	
2979.5	85	
2980.5	73	
2981.5	88	
2982.5	88	
2983.5	87	
2984.5	88	
2985.5	88	
2986.5	91	
2987.5	102	
2988.5	104	
2989.5	91	
2990.5	97	
2991.5	89	
2992.5	89	
2993.5	95	
2994.5	96	
2995.5	105	
2996.5	103	
2997.5	108	
2998.5	85	
2999.5	80	
3000.5	107	
3001.5	84	
3002.5	92	
3003.5	90	
3004.5	102	
3005.5	100	
3006.5	104	
3007.5	95	
3008.5	95	
3009.5	93	
3010.5	96	
3011.5	96	
3012.5	92	
3013.5	98	
3014.5	98	
3015.5	84	
3016.5	95	
3017.5	96	
3018.5	89	
3019.5	78	
3020.5	96	
3021.5	95	
3022.5	85	
3023.5	96	
3024.5	100	
3025.5	95	
3026.5	103	
3027.5	79	
3028.5	83	
3029.5	79	
3030.5	82	
3031.5	91	
3032.5	81	
3033.5	89	
3034.5	89	
3035.5	84	
3036.5	82	
3037.5	94	
3038.5	78	
3039.5	80	
3040.5	90	
3041.5	80	
3042.5	71	
3043.5	71	
3044.5	92	
3045.5	66	
3046.5	90	
3047.5	72	
3048.5	60	
3049.5	93	
3050.5	78	
3051.5	79	
3052.5	67	
3053.5	71	
3054.5	59	
3055.5	83	
3056.5	72	
3057.5	71	
3058.5	85	
3059.5	55	
3060.5	60	
3061.5	67	
3062.5	56	
3063.5	60	
3064.5	70	
3065.5	61	
3066.5	64	
3067.5	57	
3068.5	66	
3069.5	57	
3070.5	50	
3071.5	75	
3072.5	66	
3073.5	50	
3074.5	46	
3075.5	56	
3076.5	58	
3077.5	63	
3078.5	62	
3079.5	44	
3080.5	64	
3081.5	49	
3082.5	45	
3083.5	46	
3084.5	50	
3085.5	45	
3086.5	51	
3087.5	41	
3088.5	39	
3089.5	33	
3090.5	30	
3091.5	35	
3092.5	37	
3093.5	38	
3094.5	37	
3095.5	35	
3096.5	34	
3097.5	38	
3098.5	34	
3099.5	23	
3100.5	29	
3101.5	35	
3102.5	31	
3103.5	24	
3104.5	33	
3105.5	30	
3106.5	25	
3107.5	35	
3108.5	25	
3109.5	22	
3110.5	29	
3111.5	28	
3112.5	31	
3113.5	28	
3114.5	21	
3115.5	26	
3116.5	26	
3117.5	20	
3118.5	29	
3119.5	28	
3120.5	11	
3121.5	16	
3122.5	22	
3123.5	20	
3124.5	25	
3125.5	17	
3126.5	19	
3127.5	20	
3128.5	22	
3129.5	17	
3130.5	18	
3131.5	15	
3132.5	18	
3133.5	20	
3134.5	16	
3135.5	19	
3136.5	12	
3137.5	17	
3138.5	14	
3139.5	26	
3140.5	17	
3141.5	25	
3142.5	15	
3143.5	18	
3144.5	16	
3145.5	18	
3146.5	13	
3147.5	16	
3148.5	13	
3149.5	13	
3150.5	13	
3151.5	14	
3152.5	12	
3153.5	20	
3154.5	12	
3155.5	5	
3156.5	20	
3157.5	14	
3158.5	13	
3159.5	18	
3160.5	13	
3161.5	14	
3162.5	14	
3163.5	13	
3164.5	10	
3165.5	14	
3166.5	20	
3167.5	15	
3168.5	18	
3169.5	16	
3170.5	9	
3171.5	15	
3172.5	22	
3173.5	15	
3174.5	16	
3175.5	14	
3176.5	18	
3177.5	21	
3178.5	13	
3179.5	14	
3180.5	10	
3181.5	13	
3182.5	16	
3183.5	21	
3184.5	15	
3185.5	13	
3186.5	12	
3187.5	11	
3188.5	17	
3189.5	10	
3190.5	17	
3191.5	16	
3192.5	8	
3193.5	18	
3194.5	17	
3195.5	10	
3196.5	17	
3197.5	17	
3198.5	20	
3199.5	18	
3200.5	18	
3201.5	13	
3202.5	19	
3203.5	19	
3204.5	30	
3205.5	20	
3206.5	22	
3207.5	14	
3208.5	14	
3209.5	15	
3210.5	18	
3211.5	20	
3212.5	14	
3213.5	22	
3214.5	14	
3215.5	9	
3216.5	16	
3217.5	16	
3218.5	18	
3219.5	20	
3220.5	15	
3221.5	19	
3222.5	18	
3223.5	16	
3224.5	19	
3225.5	14	
3226.5	20	
3227.5	23	
3228.5	24	
3229.5	18	
3230.5	18	
3231.5	15	
3232.5	14	
3233.5	17	
3234.5	13	
3235.5	14	
3236.5	14	
3237.5	23	
3238.5	13	
3239.5	31	
3240.5	15	
3241.5	15	
3242.5	22	
3243.5	29	
3244.5	25	
3245.5	22	
3246.5	15	
3247.5	24	
3248.5	22	
3249.5	29	
3250.5	18	
3251.5	20	
3252.5	27	
3253.5	27	
3254.5	27	
3255.5	27	
3256.5	32	
3257.5	24	
3258.5	21	
3259.5	16	
3260.5	24	
3261.5	31	
3262.5	20	
3263.5	30	
3264.5	29	
3265.5	26	
3266.5	26	
3267.5	34	
3268.5	18	
3269.5	35	
3270.5	27	
3271.5	23	
3272.5	31	
3273.5	28	
3274.5	31	
3275.5	41	
3276.5	28	
3277.5	33	
3278.5	32	
3279.5	29	
3280.5	40	
3281.5	38	
3282.5	38	
3283.5	36	
3284.5	46	
3285.5	50	
3286.5	36	
3287.5	29	
3288.5	41	
3289.5	35	
3290.5	39	
3291.5	27	
3292.5	40	
3293.5	48	
3294.5	40	
3295.5	35	
3296.5	39	
3297.5	55	
3298.5	43	
3299.5	46	
3300.5	61	
3301.5	36	
3302.5	44	
3303.5	41	
3304.5	47	
3305.5	47	
3306.5	46	
3307.5	26	
3308.5	45	
3309.5	49	
3310.5	49	
3311.5	53	
3312.5	60	
3313.5	54	
3314.5	51	
3315.5	34	
3316.5	45	
3317.5	58	
3318.5	48	
3319.5	53	
3320.5	60	
3321.5	52	
3322.5	48	
3323.5	56	
3324.5	38	
3325.5	49	
3326.5	53	
3327.5	49	
3328.5	47	
3329.5	50	
3330.5	59	
3331.5	54	
3332.5	53	
3333.5	40	
3334.5	48	
3335.5	40	
3336.5	40	
3337.5	49	
3338.5	47	
3339.5	59	
3340.5	51	
3341.5	60	
3342.5	51	
3343.5	41	
3344.5	39	
3345.5	65	
3346.5	50	
3347.5	63	
3348.5	40	
3349.5	56	
3350.5	60	
3351.5	48	
3352.5	52	
3353.5	44	
3354.5	45	
3355.5	51	
3356.5	46	
3357.5	52	
3358.5	37	
3359.5	54	
3360.5	52	
3361.5	58	
3362.5	56	
3363.5	56	
3364.5	50	
3365.5	39	
3366.5	44	
3367.5	53	
3368.5	40	
3369.5	55	
3370.5	45	
3371.5	43	
3372.5	45	
3373.5	41	
3374.5	48	
3375.5	51	
3376.5	53	
3377.5	40	
3378.5	44	
3379.5	64	
3380.5	37	
3381.5	37	
3382.5	44	
3383.5	38	
3384.5	40	
3385.5	37	
3386.5	47	
3387.5	41	
3388.5	44	
3389.5	29	
3390.5	41	
3391.5	36	
3392.5	27	
3393.5	36	
3394.5	29	
3395.5	40	
3396.5	36	
3397.5	39	
3398.5	42	
3399.5	49	
3400.5	41	
3401.5	35	
3402.5	37	
3403.5	41	
3404.5	24	
3405.5	42	
3406.5	24	
3407.5	34	
3408.5	24	
3409.5	32	
3410.5	31	
3411.5	22	
3412.5	30	
3413.5	18	
3414.5	30	
3415.5	31	
3416.5	21	
3417.5	30	
3418.5	35	
3419.5	18	
3420.5	33	
3421.5	14	
3422.5	20	
3423.5	24	
3424.5	15	
3425.5	34	
3426.5	22	
3427.5	22	
3428.5	23	
3429.5	24	
3430.5	26	
3431.5	30	
3432.5	22	
3433.5	24	
3434.5	14	
3435.5	12	
3436.5	15	
3437.5	22	
3438.5	19	
3439.5	20	
3440.5	22	
3441.5	20	
3442.5	16	
3443.5	15	
3444.5	15	
3445.5	23	
3446.5	13	
3447.5	12	
3448.5	19	
3449.5	13	
3450.5	13	
3451.5	13	
3452.5	16	
3453.5	16	
3454.5	16	
3455.5	13	
3456.5	10	
3457.5	15	
3458.5	13	
3459.5	16	
3460.5	12	
3461.5	21	
3462.5	18	
3463.5	12	
3464.5	11	
3465.5	19	
3466.5	9	
3467.5	11	
3468.5	14	
3469.5	13	
3470.5	12	
3471.5	9	
3472.5	11	
3473.5	8	
3474.5	10	
3475.5	10	
3476.5	9	
3477.5	4	
3478.5	7	
3479.5	16	
3480.5	12	
3481.5	9	
3482.5	9	
3483.5	9	
3484.5	6	
3485.5	14	
3486.5	10	
3487.5	11	
3488.5	7	
3489.5	8	
3490.5	7	
3491.5	15	
3492.5	14	
3493.5	7	
3494.5	8	
3495.5	14	
3496.5	10	
3497.5	4	
3498.5	6	
3499.5	7	
3500.5	9	
3501.5	8	
3502.5	8	
3503.5	8	
3504.5	12	
3505.5	8	
3506.5	8	
3507.5	5	
3508.5	15	
3509.5	10	
3510.5	3	
3511.5	12	
3512.5	8	
3513.5	7	
3514.5	11	
3515.5	10	
3516.5	14	
3517.5	13	
3518.5	5	
3519.5	7	
3520.5	6	
3521.5	5	
3522.5	10	
3523.5	7	
3524.5	12	
3525.5	6	
3526.5	10	
3527.5	11	
3528.5	8	
3529.5	5	
3530.5	10	
3531.5	7	
3532.5	9	
3533.5	12	
3534.5	8	
3535.5	16	
3536.5	13	
3537.5	12	
3538.5	16	
3539.5	10	
3540.5	15	
3541.5	15	
3542.5	14	
3543.5	9	
3544.5	10	
3545.5	6	
3546.5	8	
3547.5	11	
3548.5	12	
3549.5	8	
3550.5	8	
3551.5	6	
3552.5	8	
3553.5	8	
3554.5	8	
3555.5	6	
3556.5	11	
3557.5	7	
3558.5	7	
3559.5	12	
3560.5	10	
3561.5	4	
3562.5	11	
3563.5	14	
3564.5	13	
3565.5	9	
3566.5	9	
3567.5	10	
3568.5	10	
3569.5	18	
3570.5	9	
3571.5	17	
3572.5	8	
3573.5	13	
3574.5	19	
3575.5	9	
3576.5	13	
3577.5	11	
3578.5	6	
3579.5	12	
3580.5	16	
3581.5	11	
3582.5	9	
3583.5	14	
3584.5	8	
3585.5	19	
3586.5	15	
3587.5	14	
3588.5	16	
3589.5	16	
3590.5	15	
3591.5	14	
3592.5	15	
3593.5	21	
3594.5	18	
3595.5	17	
3596.5	22	
3597.5	14	
3598.5	17	
3599.5	15	
3600.5	18	
3601.5	7	
3602.5	22	
3603.5	19	
3604.5	18	
3605.5	14	
3606.5	17	
3607.5	22	
3608.5	18	
3609.5	14	
3610.5	20	
3611.5	19	
3612.5	25	
3613.5	25	
3614.5	16	
3615.5	21	
3616.5	16	
3617.5	19	
3618.5	16	
3619.5	18	
3620.5	14	
3621.5	27	
3622.5	19	
3623.5	18	
3624.5	19	
3625.5	18	
3626.5	22	
3627.5	26	
3628.5	19	
3629.5	23	
3630.5	20	
3631.5	19	
3632.5	23	
3633.5	19	
3634.5	20	
3635.5	16	
3636.5	27	
3637.5	29	
3638.5	24	
3639.5	22	
3640.5	17	
3641.5	21	
3642.5	28	
3643.5	27	
3644.5	18	
3645.5	17	
3646.5	26	
3647.5	26	
3648.5	22	
3649.5	17	
3650.5	25	
3651.5	16	
3652.5	28	
3653.5	20	
3654.5	32	
3655.5	22	
3656.5	19	
3657.5	28	
3658.5	32	
3659.5	28	
3660.5	21	
3661.5	28	
3662.5	31	
3663.5	26	
3664.5	26	
3665.5	15	
3666.5	30	
3667.5	20	
3668.5	23	
3669.5	36	
3670.5	24	
3671.5	29	
3672.5	29	
3673.5	27	
3674.5	23	
3675.5	30	
3676.5	21	
3677.5	21	
3678.5	22	
3679.5	29	
3680.5	28	
3681.5	25	
3682.5	25	
3683.5	22	
3684.5	24	
3685.5	28	
3686.5	24	
3687.5	17	
3688.5	16	
3689.5	25	
3690.5	23	
3691.5	24	
3692.5	27	
3693.5	25	
3694.5	22	
3695.5	21	
3696.5	24	
3697.5	30	
3698.5	25	
3699.5	20	
3700.5	23	
3701.5	18	
3702.5	17	
3703.5	25	
3704.5	25	
3705.5	18	
3706.5	25	
3707.5	14	
3708.5	22	
3709.5	19	
3710.5	23	
3711.5	25	
3712.5	30	
3713.5	20	
3714.5	19	
3715.5	17	
3716.5	31	
3717.5	15	
3718.5	15	
3719.5	16	
3720.5	9	
3721.5	20	
3722.5	24	
3723.5	18	
3724.5	11	
3725.5	20	
3726.5	24	
3727.5	16	
3728.5	23	
3729.5	16	
3730.5	17	
3731.5	12	
3732.5	16	
3733.5	17	
3734.5	21	
3735.5	12	
3736.5	20	
3737.5	16	
3738.5	23	
3739.5	16	
3740.5	12	
3741.5	14	
3742.5	13	
3743.5	17	
3744.5	13	
3745.5	17	
3746.5	9	
3747.5	9	
3748.5	17	
3749.5	14	
3750.5	13	
3751.5	26	
3752.5	11	
3753.5	14	
3754.5	9	
3755.5	17	
3756.5	16	
3757.5	16	
3758.5	10	
3759.5	12	
3760.5	12	
3761.5	15	
3762.5	13	
3763.5	11	
3764.5	9	
3765.5	17	
3766.5	8	
3767.5	10	
3768.5	16	
3769.5	13	
3770.5	10	
3771.5	9	
3772.5	7	
3773.5	8	
3774.5	10	
3775.5	11	
3776.5	12	
3777.5	3	
3778.5	10	
3779.5	12	
3780.5	7	
3781.5	14	
3782.5	5	
3783.5	8	
3784.5	7	
3785.5	10	
3786.5	8	
3787.5	11	
3788.5	3	
3789.5	11	
3790.5	2	
3791.5	11	
3792.5	9	
3793.5	10	
3794.5	4	
3795.5	2	
3796.5	4	
3797.5	9	
3798.5	6	
3799.5	11	
3800.5	10	
3801.5	8	
3802.5	10	
3803.5	6	
3804.5	7	
3805.5	5	
3806.5	7	
3807.5	7	
3808.5	6	
3809.5	13	
3810.5	8	
3811.5	5	
3812.5	5	
3813.5	5	
3814.5	4	
3815.5	3	
3816.5	10	
3817.5	9	
3818.5	4	
3819.5	8	
3820.5	5	
3821.5	6	
3822.5	4	
3823.5	9	
3824.5	2	
3825.5	7	
3826.5	2	
3827.5	9	
3828.5	4	
3829.5	5	
3830.5	7	
3831.5	3	
3832.5	7	
3833.5	6	
3834.5	4	
3835.5	7	
3836.5	4	
3837.5	5	
3838.5	5	
3839.5	8	
3840.5	4	
3841.5	8	
3842.5	1	
3843.5	2	
3844.5	14	
3845.5	4	
3846.5	3	
3847.5	3	
3848.5	9	
3849.5	7	
3850.5	5	
3851.5	7	
3852.5	9	
3853.5	9	
3854.5	5	
3855.5	3	
3856.5	3	
3857.5	4	
3858.5	5	
3859.5	4	
3860.5	8	
3861.5	7	
3862.5	10	
3863.5	4	
3864.5	5	
3865.5	5	
3866.5	11	
3867.5	4	
3868.5	3	
3869.5	10	
3870.5	6	
3871.5	7	
3872.5	5	
3873.5	6	
3874.5	10	
3875.5	7	
3876.5	6	
3877.5	7	
3878.5	4	
3879.5	7	
3880.5	2	
3881.5	4	
3882.5	4	
3883.5	7	
3884.5	7	
3885.5	3	
3886.5	7	
3887.5	8	
3888.5	5	
3889.5	8	
3890.5	5	
3891.5	6	
3892.5	4	
3893.5	7	
3894.5	4	
3895.5	4	
3896.5	2	
3897.5	7	
3898.5	8	
3899.5	8	
3900.5	8	
3901.5	5	
3902.5	3	
3903.5	4	
3904.5	9	
3905.5	10	
3906.5	9	
3907.5	4	
3908.5	7	
3909.5	8	
3910.5	6	
3911.5	4	
3912.5	4	
3913.5	6	
3914.5	8	
3915.5	10	
3916.5	7	
3917.5	6	
3918.5	9	
3919.5	4	
3920.5	4	
3921.5	14	
3922.5	7	
3923.5	11	
3924.5	9	
3925.5	10	
3926.5	8	
3927.5	9	
3928.5	11	
3929.5	9	
3930.5	11	
3931.5	10	
3932.5	7	
3933.5	9	
3934.5	11	
3935.5	6	
3936.5	8	
3937.5	9	
3938.5	10	
3939.5	11	
3940.5	12	
3941.5	10	
3942.5	8	
3943.5	9	
3944.5	14	
3945.5	11	
3946.5	9	
3947.5	6	
3948.5	10	
3949.5	11	
3950.5	12	
3951.5	6	
3952.5	7	
3953.5	7	
3954.5	16	
3955.5	14	
3956.5	6	
3957.5	15	
3958.5	12	
3959.5	9	
3960.5	8	
3961.5	10	
3962.5	7	
3963.5	8	
3964.5	11	
3965.5	13	
3966.5	12	
3967.5	7	
3968.5	8	
3969.5	13	
3970.5	10	
3971.5	9	
3972.5	9	
3973.5	10	
3974.5	10	
3975.5	14	
3976.5	12	
3977.5	18	
3978.5	15	
3979.5	14	
3980.5	14	
3981.5	16	
3982.5	12	
3983.5	8	
3984.5	9	
3985.5	13	
3986.5	10	
3987.5	13	
3988.5	7	
3989.5	11	
3990.5	11	
3991.5	7	
3992.5	12	
3993.5	16	
3994.5	10	
3995.5	8	
