0.00	0.00
1.00	0.07
2.00	1.60
3.00	3.20
4.00	-3.00
5.00	3.60
6.00	1.93
7.00	-1.93
8.00	4.33
9.00	-0.53
10.00	1.13
11.00	2.27
12.00	4.20
13.00	10.13
14.00	-0.07
15.00	1.87
16.00	4.40
17.00	2.73
18.00	1.07
19.00	1.47
20.00	-1.73
21.00	-1.20
22.00	3.27
23.00	17.93
24.00	2.67
25.00	2.20
26.00	2.20
27.00	1.67
28.00	-0.40
29.00	2.80
30.00	1.67
31.00	4.07
32.00	6.33
33.00	4.53
34.00	1.40
35.00	5.07
36.00	3.67
37.00	1.07
38.00	3.40
39.00	1.60
40.00	2.93
41.00	13.47
42.00	0.80
43.00	0.53
44.00	-0.13
45.00	2.13
46.00	2.53
47.00	-1.13
48.00	0.87
49.00	1.33
50.00	1.20
51.00	0.00
52.00	-1.27
53.00	4.87
54.00	3.60
55.00	6.40
56.00	1.87
57.00	2.47
58.00	0.33
59.00	3.53
60.00	1.80
61.00	1.80
62.00	2.40
63.00	4.07
64.00	3.00
65.00	-1.40
66.00	2.73
67.00	3.53
68.00	3.47
69.00	1.60
70.00	1.40
71.00	4.33
72.00	1.40
73.00	-0.60
74.00	2.07
75.00	0.67
76.00	-0.07
77.00	3.93
78.00	1.93
79.00	4.67
80.00	2.27
81.00	1.67
82.00	-0.47
83.00	2.60
84.00	-0.07
85.00	3.20
86.00	2.60
87.00	-0.20
88.00	-0.53
89.00	5.93
90.00	0.80
91.00	10.53
92.00	4.27
93.00	4.07
94.00	1.93
95.00	3.73
96.00	1.33
97.00	18.93
98.00	3.53
99.00	0.27
100.00	1.80
101.00	2.93
102.00	1.87
103.00	-0.07
104.00	5.00
105.00	-1.13
106.00	-1.00
107.00	0.87
108.00	-0.47
109.00	2.13
110.00	2.00
111.00	2.20
112.00	4.53
113.00	5.20
114.00	1.33
115.00	6.40
116.00	1.80
117.00	25.27
118.00	5.60
119.00	22.80
120.00	5.33
121.00	2.40
122.00	1.47
123.00	0.53
124.00	2.53
125.00	3.40
126.00	4.20
127.00	1.53
128.00	-2.73
129.00	-2.07
130.00	-2.13
131.00	-0.07
132.00	2.93
133.00	2.00
134.00	0.13
135.00	0.80
136.00	6.73
137.00	3.73
138.00	4.07
139.00	-2.27
140.00	0.27
141.00	5.53
142.00	2.93
143.00	0.13
144.00	-4.33
145.00	5.20
146.00	0.47
147.00	-0.27
148.00	1.93
149.00	6.47
150.00	2.47
151.00	3.93
152.00	4.40
153.00	3.53
154.00	-1.00
155.00	-1.87
156.00	0.07
157.00	0.40
158.00	0.73
159.00	3.47
160.00	2.80
161.00	2.60
162.00	2.60
163.00	12.47
164.00	3.20
165.00	0.47
166.00	-0.73
167.00	-1.13
168.00	1.13
169.00	-0.67
170.00	1.27
171.00	-0.87
172.00	-1.13
173.00	-1.07
174.00	9.73
175.00	4.13
176.00	-1.87
177.00	-0.60
178.00	3.60
179.00	1.87
180.00	2.00
181.00	22.87
182.00	2.33
183.00	1.60
184.00	-2.80
185.00	1.00
186.00	3.27
187.00	0.27
188.00	3.07
189.00	2.93
190.00	-0.47
191.00	2.47
192.00	0.53
193.00	11.73
194.00	6.67
195.00	0.13
196.00	0.80
197.00	3.60
198.00	-0.67
199.00	0.67
200.00	2.93
201.00	2.67
202.00	1.07
203.00	6.53
204.00	3.20
205.00	2.60
206.00	3.60
207.00	-0.07
208.00	1.40
209.00	2.80
210.00	1.73
211.00	-0.40
212.00	5.20
213.00	-0.73
214.00	2.73
215.00	2.73
216.00	-2.33
217.00	1.80
218.00	-1.47
219.00	3.33
220.00	2.87
221.00	-0.93
222.00	2.13
223.00	4.00
224.00	30.07
225.00	1.33
226.00	5.33
227.00	1.47
228.00	-0.20
229.00	13.33
230.00	4.20
231.00	1.87
232.00	0.47
233.00	13.47
234.00	1.93
235.00	0.33
236.00	-0.93
237.00	0.60
238.00	2.67
239.00	5.93
240.00	-2.93
241.00	5.87
242.00	1.07
243.00	2.20
244.00	1.53
245.00	3.87
246.00	0.20
247.00	1.13
248.00	2.47
249.00	10.27
250.00	1.13
251.00	1.20
252.00	-0.27
253.00	-0.20
254.00	2.67
255.00	2.93
256.00	2.73
257.00	1.13
258.00	4.33
259.00	5.00
260.00	4.93
261.00	1.67
262.00	1.53
263.00	1.13
264.00	1.80
265.00	-1.40
266.00	-2.47
267.00	-2.40
268.00	-0.20
269.00	1.67
270.00	2.93
271.00	-1.80
272.00	-2.27
273.00	1.20
274.00	2.20
275.00	4.13
276.00	1.73
277.00	5.93
278.00	2.73
279.00	2.27
280.00	-1.20
281.00	-2.47
282.00	0.20
283.00	-0.73
284.00	5.53
285.00	1.07
286.00	8.20
287.00	4.53
288.00	-2.13
289.00	-1.87
290.00	-0.87
291.00	3.73
292.00	1.27
293.00	-0.80
294.00	2.27
295.00	0.60
296.00	1.33
297.00	6.47
298.00	1.07
299.00	2.80
300.00	2.67
301.00	2.33
302.00	1.20
303.00	2.53
304.00	5.80
305.00	2.07
306.00	3.27
307.00	0.53
308.00	13.00
309.00	4.60
310.00	-2.07
311.00	0.00
312.00	0.27
313.00	2.47
314.00	-1.07
315.00	2.60
316.00	3.20
317.00	1.00
318.00	0.27
319.00	8.13
320.00	1.93
321.00	3.13
322.00	18.40
323.00	5.80
324.00	2.53
325.00	0.33
326.00	4.27
327.00	1.73
328.00	3.13
329.00	1.80
330.00	2.93
331.00	0.67
332.00	-1.07
333.00	4.60
334.00	3.40
335.00	1.93
336.00	3.73
337.00	5.67
338.00	0.93
339.00	0.73
340.00	1.33
341.00	2.53
342.00	3.47
343.00	0.87
344.00	3.73
345.00	1.20
346.00	6.40
347.00	1.47
348.00	-0.87
349.00	0.67
350.00	-0.07
351.00	-0.73
352.00	1.40
353.00	7.53
354.00	-1.73
355.00	0.67
356.00	1.87
357.00	1.07
358.00	1.40
359.00	1.93
360.00	-0.93
361.00	-1.80
362.00	-0.13
363.00	-3.87
364.00	-3.33
365.00	3.93
366.00	8.07
367.00	3.67
368.00	4.00
369.00	-0.67
370.00	-2.40
371.00	1.27
372.00	2.73
373.00	2.60
374.00	-2.87
375.00	0.13
376.00	5.33
377.00	5.13
378.00	4.20
379.00	3.80
380.00	1.33
381.00	4.67
382.00	2.67
383.00	4.33
384.00	-1.20
385.00	3.93
386.00	-0.80
387.00	3.67
388.00	5.40
389.00	2.87
390.00	2.93
391.00	5.73
392.00	3.47
393.00	-2.27
394.00	-4.67
395.00	-1.40
396.00	3.53
397.00	-0.93
398.00	4.27
399.00	15.33
400.00	3.73
401.00	31.47
402.00	6.87
403.00	0.40
404.00	0.60
405.00	0.93
406.00	3.00
407.00	0.87
408.00	-1.53
409.00	4.87
410.00	1.67
411.00	4.13
412.00	3.33
413.00	2.07
414.00	4.73
415.00	-0.67
416.00	1.47
417.00	5.13
418.00	7.40
419.00	16.53
420.00	5.07
421.00	4.93
422.00	2.07
423.00	1.27
424.00	0.27
425.00	-1.00
426.00	1.27
427.00	0.73
428.00	-0.53
429.00	2.40
430.00	2.47
431.00	5.47
432.00	6.73
433.00	3.73
434.00	5.20
435.00	2.87
436.00	-0.73
437.00	1.00
438.00	2.73
439.00	6.67
440.00	4.47
441.00	-0.40
442.00	0.53
443.00	0.40
444.00	0.27
445.00	0.47
446.00	2.27
447.00	2.87
448.00	1.20
449.00	0.40
450.00	5.20
451.00	3.93
452.00	3.07
453.00	3.20
454.00	2.67
455.00	1.73
456.00	1.60
457.00	3.87
458.00	1.00
459.00	-1.40
460.00	1.87
461.00	1.40
462.00	2.40
463.00	3.07
464.00	4.27
465.00	3.00
466.00	2.33
467.00	2.73
468.00	1.60
469.00	-0.60
470.00	1.13
471.00	7.20
472.00	6.67
473.00	5.00
474.00	1.93
475.00	5.60
476.00	3.33
477.00	4.20
478.00	4.87
479.00	-0.07
480.00	7.27
481.00	5.73
482.00	4.87
483.00	1.47
484.00	7.87
485.00	7.07
486.00	3.87
487.00	4.13
488.00	1.13
489.00	6.27
490.00	1.33
491.00	4.87
492.00	3.53
493.00	4.27
494.00	2.53
495.00	2.13
496.00	0.27
497.00	-1.80
498.00	3.27
499.00	-0.80
500.00	0.60
501.00	0.40
502.00	2.07
503.00	0.13
504.00	3.73
505.00	4.33
506.00	-2.33
507.00	2.20
508.00	2.73
509.00	0.87
510.00	6.53
511.00	2.60
512.00	1.33
513.00	3.67
514.00	1.40
515.00	6.67
516.00	5.00
517.00	1.80
518.00	3.47
519.00	0.73
520.00	-0.53
521.00	5.67
522.00	5.87
523.00	-1.93
524.00	0.40
525.00	5.07
526.00	1.53
527.00	-2.87
528.00	0.40
529.00	0.53
530.00	-1.80
531.00	1.93
532.00	0.27
533.00	6.47
534.00	3.67
535.00	1.93
536.00	2.53
537.00	-0.07
538.00	6.33
539.00	7.13
540.00	5.00
541.00	1.47
542.00	4.40
543.00	1.20
544.00	0.33
545.00	4.53
546.00	0.07
547.00	1.20
548.00	-0.33
549.00	1.40
550.00	-2.13
551.00	8.87
552.00	2.73
553.00	0.67
554.00	3.47
555.00	2.80
556.00	4.60
557.00	4.93
558.00	2.73
559.00	4.07
560.00	0.53
561.00	2.20
562.00	4.20
563.00	3.67
564.00	4.00
565.00	4.33
566.00	1.27
567.00	3.00
568.00	1.93
569.00	1.00
570.00	-0.27
571.00	3.20
572.00	4.87
573.00	0.33
574.00	1.07
575.00	2.60
576.00	6.73
577.00	0.87
578.00	3.20
579.00	2.33
580.00	0.93
581.00	5.67
582.00	0.73
583.00	1.67
584.00	2.33
585.00	3.33
586.00	2.20
587.00	4.00
588.00	3.53
589.00	0.67
590.00	5.80
591.00	1.60
592.00	1.87
593.00	2.07
594.00	0.67
595.00	1.67
596.00	1.80
597.00	3.40
598.00	4.87
599.00	4.27
600.00	3.60
601.00	3.20
602.00	2.33
603.00	4.40
604.00	0.20
605.00	1.67
606.00	7.47
607.00	2.40
608.00	4.27
609.00	-0.80
610.00	0.60
611.00	0.93
612.00	0.13
613.00	0.40
614.00	-0.27
615.00	-3.67
616.00	2.87
617.00	5.53
618.00	3.47
619.00	7.33
620.00	27.47
621.00	2.80
622.00	-4.93
623.00	-1.93
624.00	-0.33
625.00	0.13
626.00	-0.40
627.00	2.93
628.00	1.73
629.00	2.33
630.00	2.00
631.00	0.67
632.00	2.67
633.00	5.07
634.00	1.33
635.00	1.33
636.00	4.13
637.00	5.20
638.00	3.73
639.00	2.07
640.00	15.60
641.00	6.33
642.00	-1.33
643.00	2.60
644.00	3.87
645.00	6.13
646.00	3.93
647.00	1.73
648.00	4.40
649.00	-0.27
650.00	4.00
651.00	3.33
652.00	4.67
653.00	1.60
654.00	3.87
655.00	8.00
656.00	1.53
657.00	-2.47
658.00	2.53
659.00	6.87
660.00	5.33
661.00	-0.67
662.00	3.60
663.00	5.00
664.00	6.13
665.00	22.80
666.00	7.40
667.00	2.73
668.00	1.73
669.00	6.33
670.00	4.73
671.00	0.67
672.00	0.87
673.00	0.73
674.00	1.60
675.00	2.80
676.00	1.47
677.00	5.00
678.00	29.27
679.00	8.33
680.00	4.13
681.00	9.27
682.00	3.67
683.00	8.33
684.00	8.80
685.00	8.27
686.00	7.00
687.00	3.80
688.00	2.67
689.00	6.93
690.00	5.07
691.00	4.87
692.00	-1.00
693.00	1.13
694.00	9.53
695.00	4.40
696.00	-1.47
697.00	0.27
698.00	6.53
699.00	6.33
700.00	25.60
701.00	10.13
702.00	7.73
703.00	3.33
704.00	4.93
705.00	7.53
706.00	4.53
707.00	9.60
708.00	8.13
709.00	13.47
710.00	7.73
711.00	8.13
712.00	10.67
713.00	7.33
714.00	11.53
715.00	9.87
716.00	6.73
717.00	10.07
718.00	9.87
719.00	10.20
720.00	13.27
721.00	16.80
722.00	16.87
723.00	17.27
724.00	20.33
725.00	17.33
726.00	26.07
727.00	29.80
728.00	46.67
729.00	88.67
730.00	177.93
731.00	326.20
732.00	532.93
733.00	768.13
734.00	1085.87
735.00	1422.93
736.00	1765.60
737.00	2158.80
738.00	2503.07
739.00	2856.13
740.00	3209.00
741.00	3413.80
742.00	3694.53
743.00	3648.40
744.00	3619.53
745.00	3529.53
746.00	3224.47
747.00	3033.00
748.00	2663.73
749.00	2257.00
750.00	1894.27
751.00	1479.93
752.00	1148.87
753.00	823.20
754.00	535.40
755.00	332.27
756.00	208.20
757.00	119.40
758.00	64.27
759.00	56.13
760.00	27.67
761.00	17.53
762.00	25.00
763.00	15.87
764.00	15.80
765.00	12.00
766.00	12.00
767.00	11.47
768.00	15.67
769.00	9.53
770.00	4.13
771.00	9.73
772.00	10.67
773.00	10.60
774.00	8.33
775.00	7.60
776.00	10.27
777.00	10.00
778.00	10.47
779.00	9.07
780.00	11.13
781.00	8.73
782.00	6.40
783.00	6.87
784.00	7.40
785.00	5.13
786.00	9.00
787.00	3.20
788.00	12.40
789.00	7.20
790.00	2.73
791.00	8.33
792.00	1.47
793.00	-0.33
794.00	2.27
795.00	10.07
796.00	5.60
797.00	5.13
798.00	2.27
799.00	7.13
800.00	1.07
801.00	4.47
802.00	9.00
803.00	2.87
804.00	6.60
805.00	11.20
806.00	5.73
807.00	6.40
808.00	8.07
809.00	2.00
810.00	4.80
811.00	2.20
812.00	3.33
813.00	14.60
814.00	7.13
815.00	4.47
816.00	4.87
817.00	6.20
818.00	4.13
819.00	5.87
820.00	10.13
821.00	8.93
822.00	8.47
823.00	3.33
824.00	1.33
825.00	5.07
826.00	5.93
827.00	-0.27
828.00	2.80
829.00	3.87
830.00	4.33
831.00	3.20
832.00	5.73
833.00	3.27
834.00	1.33
835.00	2.40
836.00	1.27
837.00	6.00
838.00	6.33
839.00	2.93
840.00	6.00
841.00	3.07
842.00	2.20
843.00	0.13
844.00	3.73
845.00	3.60
846.00	2.53
847.00	1.53
848.00	4.40
849.00	2.20
850.00	-0.33
851.00	0.73
852.00	2.93
853.00	3.60
854.00	-0.40
855.00	1.27
856.00	4.67
857.00	-0.07
858.00	15.73
859.00	2.33
860.00	1.07
861.00	3.53
862.00	7.33
863.00	2.13
864.00	0.27
865.00	0.40
866.00	-2.67
867.00	4.00
868.00	4.27
869.00	5.60
870.00	0.60
871.00	5.13
872.00	3.13
873.00	3.47
874.00	0.47
875.00	5.00
876.00	1.80
877.00	6.00
878.00	0.33
879.00	2.20
880.00	4.67
881.00	1.47
882.00	-4.53
883.00	-2.00
884.00	1.60
885.00	1.87
886.00	5.27
887.00	3.27
888.00	-0.60
889.00	2.67
890.00	7.60
891.00	15.40
892.00	18.73
893.00	5.53
894.00	8.07
895.00	3.20
896.00	3.93
897.00	4.33
898.00	1.80
899.00	3.87
900.00	3.07
901.00	2.60
902.00	4.40
903.00	3.60
904.00	5.20
905.00	6.47
906.00	8.60
907.00	6.53
908.00	1.13
909.00	0.67
910.00	7.27
911.00	-1.20
912.00	-0.53
913.00	0.20
914.00	-2.27
915.00	2.27
916.00	24.67
917.00	2.73
918.00	2.20
919.00	6.00
920.00	2.87
921.00	0.53
922.00	29.87
923.00	8.73
924.00	0.60
925.00	-0.20
926.00	-1.53
927.00	-0.47
928.00	0.87
929.00	-0.40
930.00	0.67
931.00	1.40
932.00	3.07
933.00	2.93
934.00	-0.20
935.00	1.13
936.00	1.67
937.00	2.73
938.00	0.87
939.00	6.27
940.00	1.60
941.00	2.40
942.00	4.67
943.00	1.07
944.00	5.67
945.00	5.87
946.00	5.07
947.00	1.80
948.00	4.80
949.00	4.07
950.00	14.07
951.00	6.87
952.00	4.20
953.00	0.80
954.00	0.93
955.00	4.87
956.00	5.67
957.00	2.33
958.00	21.47
959.00	7.80
960.00	3.73
961.00	2.33
962.00	2.13
963.00	1.93
964.00	12.53
965.00	2.00
966.00	1.47
967.00	3.33
968.00	1.60
969.00	7.60
970.00	0.60
971.00	-0.53
972.00	5.40
973.00	6.93
974.00	1.47
975.00	2.27
976.00	-0.73
977.00	3.20
978.00	5.13
979.00	1.67
980.00	2.80
981.00	5.00
982.00	5.67
983.00	-1.53
984.00	-0.07
985.00	1.53
986.00	6.33
987.00	4.53
988.00	3.53
989.00	3.33
990.00	3.00
991.00	-2.27
992.00	-0.20
993.00	5.73
994.00	5.67
995.00	6.13
996.00	2.53
997.00	13.13
998.00	7.60
999.00	4.40
1000.00	3.73
1001.00	9.27
1002.00	6.67
1003.00	9.87
1004.00	7.73
1005.00	3.80
1006.00	5.00
1007.00	2.33
1008.00	-2.00
1009.00	-1.73
1010.00	1.27
1011.00	2.33
1012.00	4.47
1013.00	0.53
1014.00	-2.07
1015.00	2.73
1016.00	2.93
1017.00	3.93
1018.00	4.07
1019.00	6.07
1020.00	1.13
1021.00	7.07
1022.00	2.80
1023.00	2.47
1024.00	36.60
1025.00	5.13
1026.00	0.13
1027.00	0.13
1028.00	2.33
1029.00	2.20
1030.00	8.67
1031.00	2.73
1032.00	-2.33
1033.00	-0.13
1034.00	-2.20
1035.00	-0.53
1036.00	4.60
1037.00	5.67
1038.00	4.07
1039.00	0.07
1040.00	2.80
1041.00	6.40
1042.00	6.07
1043.00	5.00
1044.00	5.53
1045.00	1.60
1046.00	8.53
1047.00	0.73
1048.00	1.07
1049.00	2.07
1050.00	5.60
1051.00	0.60
1052.00	3.27
1053.00	20.20
1054.00	5.47
1055.00	9.93
1056.00	3.27
1057.00	2.47
1058.00	5.27
1059.00	6.47
1060.00	0.73
1061.00	3.20
1062.00	0.67
1063.00	3.80
1064.00	2.27
1065.00	3.80
1066.00	0.20
1067.00	4.20
1068.00	-0.73
1069.00	4.40
1070.00	0.33
1071.00	2.13
1072.00	0.40
1073.00	-0.67
1074.00	3.27
1075.00	8.93
1076.00	7.73
1077.00	3.60
1078.00	4.53
1079.00	3.80
1080.00	3.53
1081.00	4.60
1082.00	2.47
1083.00	3.67
1084.00	8.53
1085.00	7.27
1086.00	12.87
1087.00	2.53
1088.00	4.27
1089.00	4.53
1090.00	1.47
1091.00	1.20
1092.00	23.13
1093.00	9.80
1094.00	4.93
1095.00	3.80
1096.00	2.87
1097.00	4.07
1098.00	3.47
1099.00	2.47
1100.00	0.60
1101.00	4.53
1102.00	7.67
1103.00	0.53
1104.00	1.53
1105.00	0.47
1106.00	2.27
1107.00	-0.73
1108.00	-0.60
1109.00	1.60
1110.00	-0.67
1111.00	-0.80
1112.00	3.40
1113.00	-0.07
1114.00	0.80
1115.00	4.53
1116.00	9.27
1117.00	8.20
1118.00	4.13
1119.00	23.27
1120.00	-1.07
1121.00	0.80
1122.00	5.13
1123.00	4.93
1124.00	6.07
1125.00	8.80
1126.00	8.13
1127.00	3.67
1128.00	3.47
1129.00	5.73
1130.00	3.33
1131.00	1.80
1132.00	-2.33
1133.00	0.47
1134.00	0.60
1135.00	-1.60
1136.00	2.80
1137.00	0.47
1138.00	2.47
1139.00	30.20
1140.00	6.87
1141.00	1.80
1142.00	8.60
1143.00	4.33
1144.00	8.93
1145.00	4.60
1146.00	-1.53
1147.00	28.40
1148.00	3.47
1149.00	3.93
1150.00	1.27
1151.00	0.80
1152.00	1.87
1153.00	3.67
1154.00	0.40
1155.00	2.87
1156.00	5.00
1157.00	2.00
1158.00	2.20
1159.00	2.87
1160.00	-2.07
1161.00	1.73
1162.00	2.33
1163.00	2.53
1164.00	1.40
1165.00	1.33
1166.00	2.20
1167.00	-1.20
1168.00	0.20
1169.00	5.33
1170.00	4.27
1171.00	-1.13
1172.00	-1.80
1173.00	1.27
1174.00	2.93
1175.00	-1.60
1176.00	1.40
1177.00	1.13
1178.00	4.40
1179.00	0.53
1180.00	4.13
1181.00	5.07
1182.00	2.07
1183.00	-2.40
1184.00	-2.67
1185.00	2.20
1186.00	0.87
1187.00	3.47
1188.00	2.40
1189.00	1.07
1190.00	1.33
1191.00	4.60
1192.00	-0.27
1193.00	0.67
1194.00	1.07
1195.00	8.53
1196.00	-0.53
1197.00	-2.73
1198.00	1.20
1199.00	25.47
1200.00	3.80
1201.00	-2.20
1202.00	4.80
1203.00	0.47
1204.00	0.67
1205.00	1.67
1206.00	-0.33
1207.00	-1.60
1208.00	-2.47
1209.00	-1.27
1210.00	3.13
1211.00	14.40
1212.00	4.93
1213.00	5.07
1214.00	12.40
1215.00	1.87
1216.00	29.47
1217.00	3.40
1218.00	2.40
1219.00	26.33
1220.00	3.67
1221.00	6.27
1222.00	1.33
1223.00	2.87
1224.00	2.13
1225.00	20.27
1226.00	6.20
1227.00	2.40
1228.00	3.07
1229.00	5.07
1230.00	8.53
1231.00	5.40
1232.00	0.73
1233.00	5.60
1234.00	4.20
1235.00	8.20
1236.00	4.87
1237.00	0.00
1238.00	1.07
1239.00	33.40
1240.00	2.33
1241.00	0.67
1242.00	-1.60
1243.00	3.33
1244.00	4.53
1245.00	-2.33
1246.00	-0.47
1247.00	5.40
1248.00	1.33
1249.00	0.73
1250.00	6.13
1251.00	4.93
1252.00	1.27
1253.00	1.47
1254.00	4.47
1255.00	5.07
1256.00	2.47
1257.00	7.13
1258.00	0.40
1259.00	0.40
1260.00	2.20
1261.00	11.27
1262.00	1.53
1263.00	2.27
1264.00	-1.07
1265.00	2.27
1266.00	0.67
1267.00	2.27
1268.00	1.87
1269.00	5.87
1270.00	5.80
1271.00	5.13
1272.00	3.40
1273.00	3.27
1274.00	0.00
1275.00	0.07
1276.00	-0.53
1277.00	0.27
1278.00	0.60
1279.00	-0.80
1280.00	0.40
1281.00	3.80
1282.00	1.13
1283.00	5.67
1284.00	6.40
1285.00	4.20
1286.00	0.93
1287.00	3.73
1288.00	0.93
1289.00	5.67
1290.00	1.67
1291.00	4.20
1292.00	0.73
1293.00	5.00
1294.00	2.13
1295.00	2.53
1296.00	2.80
1297.00	5.13
1298.00	2.73
1299.00	1.20
1300.00	4.40
1301.00	1.60
1302.00	4.47
1303.00	2.67
1304.00	2.27
1305.00	-1.13
1306.00	0.73
1307.00	1.27
1308.00	-0.13
1309.00	1.73
1310.00	2.33
1311.00	-0.40
1312.00	-0.53
1313.00	10.27
1314.00	6.53
1315.00	25.80
1316.00	6.93
1317.00	1.00
1318.00	4.93
1319.00	4.27
1320.00	5.07
1321.00	6.00
1322.00	6.27
1323.00	-0.33
1324.00	0.47
1325.00	6.60
1326.00	4.53
1327.00	-0.40
1328.00	-3.07
1329.00	-2.33
1330.00	22.20
1331.00	3.00
1332.00	1.87
1333.00	0.87
1334.00	2.73
1335.00	7.53
1336.00	5.47
1337.00	0.00
1338.00	2.87
1339.00	3.13
1340.00	2.47
1341.00	0.07
1342.00	2.13
1343.00	3.53
1344.00	4.13
1345.00	3.27
1346.00	1.20
1347.00	1.93
1348.00	2.93
1349.00	3.27
1350.00	7.07
1351.00	5.73
1352.00	3.33
1353.00	2.20
1354.00	3.40
1355.00	8.27
1356.00	5.27
1357.00	2.53
1358.00	23.60
1359.00	18.20
1360.00	1.07
1361.00	1.47
1362.00	0.60
1363.00	1.27
1364.00	1.40
1365.00	3.33
1366.00	5.20
1367.00	4.53
1368.00	3.00
1369.00	1.33
1370.00	0.33
1371.00	-0.40
1372.00	4.53
1373.00	-0.13
1374.00	1.27
1375.00	2.93
1376.00	3.33
1377.00	4.07
1378.00	0.47
1379.00	2.33
1380.00	4.07
1381.00	14.13
1382.00	2.87
1383.00	1.00
1384.00	3.67
1385.00	1.73
1386.00	4.00
1387.00	0.73
1388.00	0.00
1389.00	5.00
1390.00	6.87
1391.00	3.47
1392.00	2.20
1393.00	8.20
1394.00	4.73
1395.00	3.40
1396.00	2.53
1397.00	2.47
1398.00	1.20
1399.00	5.60
1400.00	9.20
1401.00	7.00
1402.00	1.60
1403.00	-1.07
1404.00	32.67
1405.00	7.07
1406.00	2.40
1407.00	4.00
1408.00	2.13
1409.00	4.07
1410.00	16.27
1411.00	1.67
1412.00	1.40
1413.00	2.60
1414.00	1.80
1415.00	-1.67
1416.00	4.80
1417.00	3.53
1418.00	0.27
1419.00	2.73
1420.00	5.00
1421.00	4.67
1422.00	18.73
1423.00	3.47
1424.00	5.47
1425.00	2.87
1426.00	3.93
1427.00	3.60
1428.00	2.13
1429.00	5.60
1430.00	-2.07
1431.00	-0.60
1432.00	-2.93
1433.00	1.73
1434.00	7.07
1435.00	5.80
1436.00	6.33
1437.00	2.33
1438.00	8.27
1439.00	12.20
1440.00	12.67
1441.00	8.67
1442.00	1.27
1443.00	1.40
1444.00	2.60
1445.00	16.93
1446.00	8.20
1447.00	4.40
1448.00	9.40
1449.00	5.60
1450.00	2.93
1451.00	16.20
1452.00	3.80
1453.00	2.00
1454.00	3.93
1455.00	4.07
1456.00	0.80
1457.00	4.33
1458.00	2.80
1459.00	2.47
1460.00	-0.93
1461.00	8.67
1462.00	2.40
1463.00	5.67
1464.00	-0.13
1465.00	3.33
1466.00	3.80
1467.00	3.80
1468.00	2.87
1469.00	2.00
1470.00	0.33
1471.00	23.07
1472.00	8.87
1473.00	17.40
1474.00	9.53
1475.00	7.47
1476.00	43.60
1477.00	5.60
1478.00	0.87
1479.00	6.80
1480.00	6.07
1481.00	3.20
1482.00	10.67
1483.00	4.13
1484.00	2.00
1485.00	4.60
1486.00	1.40
1487.00	4.80
1488.00	6.40
1489.00	21.27
1490.00	5.33
1491.00	5.60
1492.00	3.47
1493.00	1.40
1494.00	2.60
1495.00	1.80
1496.00	15.40
1497.00	5.53
1498.00	38.27
1499.00	6.40
1500.00	8.33
1501.00	7.67
1502.00	9.80
1503.00	5.33
1504.00	2.67
1505.00	5.60
1506.00	4.93
1507.00	6.47
1508.00	4.00
1509.00	5.47
1510.00	1.87
1511.00	-1.33
1512.00	7.00
1513.00	0.87
1514.00	0.67
1515.00	3.67
1516.00	2.13
1517.00	7.20
1518.00	7.00
1519.00	3.80
1520.00	3.60
1521.00	7.80
1522.00	0.80
1523.00	3.93
1524.00	15.20
1525.00	4.27
1526.00	1.87
1527.00	5.80
1528.00	6.67
1529.00	1.60
1530.00	3.33
1531.00	3.87
1532.00	3.07
1533.00	0.87
1534.00	3.27
1535.00	10.33
1536.00	6.13
1537.00	3.93
1538.00	3.33
1539.00	6.00
1540.00	10.80
1541.00	11.80
1542.00	1.60
1543.00	5.20
1544.00	6.13
1545.00	3.27
1546.00	0.07
1547.00	5.87
1548.00	4.33
1549.00	1.47
1550.00	3.13
1551.00	4.53
1552.00	6.67
1553.00	-0.40
1554.00	3.27
1555.00	10.20
1556.00	7.33
1557.00	5.60
1558.00	3.07
1559.00	1.67
1560.00	3.13
1561.00	3.93
1562.00	2.80
1563.00	6.87
1564.00	6.33
1565.00	2.33
1566.00	0.47
1567.00	6.33
1568.00	4.53
1569.00	6.13
1570.00	3.87
1571.00	4.20
1572.00	3.40
1573.00	4.60
1574.00	7.33
1575.00	7.47
1576.00	-0.20
1577.00	3.20
1578.00	4.13
1579.00	4.93
1580.00	6.00
1581.00	0.27
1582.00	4.60
1583.00	4.40
1584.00	15.60
1585.00	3.53
1586.00	0.67
1587.00	6.53
1588.00	12.13
1589.00	22.00
1590.00	3.87
1591.00	7.93
1592.00	2.73
1593.00	3.47
1594.00	5.73
1595.00	4.27
1596.00	-0.53
1597.00	1.67
1598.00	-1.53
1599.00	11.40
1600.00	10.33
1601.00	6.00
1602.00	6.20
1603.00	7.27
1604.00	7.40
1605.00	7.27
1606.00	16.20
1607.00	4.80
1608.00	1.93
1609.00	7.00
1610.00	2.27
1611.00	3.20
1612.00	4.93
1613.00	4.93
1614.00	4.93
1615.00	1.00
1616.00	2.87
1617.00	8.00
1618.00	4.40
1619.00	2.33
1620.00	3.93
1621.00	0.27
1622.00	2.93
1623.00	16.93
1624.00	8.20
1625.00	2.40
1626.00	3.93
1627.00	0.73
1628.00	-1.00
1629.00	34.47
1630.00	5.93
1631.00	7.13
1632.00	8.93
1633.00	3.20
1634.00	2.20
1635.00	1.80
1636.00	5.87
1637.00	10.60
1638.00	4.33
1639.00	0.20
1640.00	10.60
1641.00	3.53
1642.00	-1.27
1643.00	3.40
1644.00	2.13
1645.00	2.27
1646.00	-0.33
1647.00	1.47
1648.00	0.47
1649.00	2.93
1650.00	3.67
1651.00	3.60
1652.00	2.67
1653.00	0.80
1654.00	4.93
1655.00	0.07
1656.00	-1.27
1657.00	3.67
1658.00	0.27
1659.00	4.40
1660.00	4.47
1661.00	6.00
1662.00	5.60
1663.00	3.87
1664.00	9.07
1665.00	10.87
1666.00	4.47
1667.00	8.13
1668.00	-2.33
1669.00	5.80
1670.00	2.67
1671.00	2.60
1672.00	0.73
1673.00	7.07
1674.00	5.20
1675.00	4.60
1676.00	3.73
1677.00	1.27
1678.00	5.13
1679.00	-1.33
1680.00	-0.47
1681.00	6.13
1682.00	1.33
1683.00	-0.33
1684.00	-1.67
1685.00	-2.20
1686.00	-0.13
1687.00	-0.47
1688.00	3.53
1689.00	2.40
1690.00	8.47
1691.00	8.93
1692.00	4.27
1693.00	2.87
1694.00	2.60
1695.00	0.13
1696.00	6.47
1697.00	3.07
1698.00	3.60
1699.00	6.87
1700.00	10.33
1701.00	8.07
1702.00	26.93
1703.00	6.60
1704.00	11.00
1705.00	3.80
1706.00	0.67
1707.00	2.33
1708.00	-0.20
1709.00	0.33
1710.00	6.13
1711.00	2.07
1712.00	1.73
1713.00	4.47
1714.00	4.47
1715.00	9.13
1716.00	2.47
1717.00	2.60
1718.00	4.60
1719.00	6.07
1720.00	2.00
1721.00	5.13
1722.00	2.53
1723.00	1.67
1724.00	2.53
1725.00	2.00
1726.00	4.00
1727.00	37.60
1728.00	7.33
1729.00	0.07
1730.00	6.20
1731.00	5.13
1732.00	4.53
1733.00	2.33
1734.00	1.33
1735.00	4.53
1736.00	7.13
1737.00	-0.13
1738.00	0.87
1739.00	5.67
1740.00	2.27
1741.00	9.00
1742.00	5.87
1743.00	3.27
1744.00	7.93
1745.00	5.73
1746.00	-0.73
1747.00	5.73
1748.00	2.40
1749.00	1.20
1750.00	1.33
1751.00	1.67
1752.00	4.33
1753.00	6.47
1754.00	3.73
1755.00	3.60
1756.00	2.47
1757.00	4.47
1758.00	4.60
1759.00	-1.93
1760.00	-0.73
1761.00	7.40
1762.00	3.47
1763.00	-1.93
1764.00	1.73
1765.00	1.07
1766.00	11.60
1767.00	1.00
1768.00	-1.67
1769.00	-1.00
1770.00	3.07
1771.00	9.40
1772.00	2.80
1773.00	1.27
1774.00	-0.20
1775.00	-2.13
1776.00	3.07
1777.00	-0.27
1778.00	9.47
1779.00	3.27
1780.00	7.87
1781.00	5.40
1782.00	1.20
1783.00	2.93
1784.00	1.13
1785.00	-1.33
1786.00	-0.87
1787.00	1.80
1788.00	2.20
1789.00	4.60
1790.00	0.67
1791.00	4.00
1792.00	-0.47
1793.00	12.80
1794.00	7.40
1795.00	1.53
1796.00	22.73
1797.00	16.80
1798.00	6.87
1799.00	1.53
1800.00	3.80
1801.00	3.00
1802.00	5.60
1803.00	4.87
1804.00	8.00
1805.00	2.93
1806.00	2.87
1807.00	4.87
1808.00	27.73
1809.00	6.87
1810.00	5.20
1811.00	7.07
1812.00	0.40
1813.00	2.00
1814.00	5.47
1815.00	4.60
1816.00	8.67
1817.00	3.07
1818.00	1.27
1819.00	0.60
1820.00	1.00
1821.00	0.73
1822.00	5.13
1823.00	1.40
1824.00	1.13
1825.00	4.40
1826.00	4.60
1827.00	2.27
1828.00	3.93
1829.00	4.07
1830.00	2.80
1831.00	8.00
1832.00	4.20
1833.00	2.87
1834.00	2.47
1835.00	2.47
1836.00	4.67
1837.00	3.80
1838.00	3.93
1839.00	14.93
1840.00	3.33
1841.00	6.93
1842.00	5.33
1843.00	2.47
1844.00	5.47
1845.00	5.33
1846.00	-0.07
1847.00	2.53
1848.00	10.20
1849.00	1.00
1850.00	1.40
1851.00	3.93
1852.00	14.33
1853.00	3.93
1854.00	-0.60
1855.00	-2.20
1856.00	2.60
1857.00	10.40
1858.00	4.47
1859.00	2.00
1860.00	3.87
1861.00	3.47
1862.00	4.87
1863.00	4.07
1864.00	1.80
1865.00	2.07
1866.00	0.87
1867.00	1.60
1868.00	-0.73
1869.00	-0.73
1870.00	5.93
1871.00	4.67
1872.00	1.47
1873.00	3.33
1874.00	5.20
1875.00	5.27
1876.00	1.73
1877.00	-0.07
1878.00	5.47
1879.00	7.27
1880.00	13.60
1881.00	6.40
1882.00	24.87
1883.00	4.93
1884.00	2.07
1885.00	-0.33
1886.00	-0.07
1887.00	2.20
1888.00	1.87
1889.00	0.80
1890.00	2.20
1891.00	33.53
1892.00	4.33
1893.00	-1.13
1894.00	-3.27
1895.00	3.07
1896.00	2.73
1897.00	10.27
1898.00	4.80
1899.00	0.60
1900.00	0.07
1901.00	-1.87
1902.00	6.73
1903.00	0.00
1904.00	0.93
1905.00	3.27
1906.00	0.60
1907.00	3.27
1908.00	0.27
1909.00	4.07
1910.00	-0.07
1911.00	0.13
1912.00	2.00
1913.00	1.53
1914.00	-1.53
1915.00	2.07
1916.00	1.93
1917.00	-1.33
1918.00	3.60
1919.00	9.00
1920.00	3.27
1921.00	0.53
1922.00	0.07
1923.00	-0.53
1924.00	0.80
1925.00	2.80
1926.00	3.47
1927.00	1.60
1928.00	1.47
1929.00	-1.80
1930.00	-1.87
1931.00	2.80
1932.00	9.47
1933.00	2.87
1934.00	-0.13
1935.00	1.80
1936.00	3.27
1937.00	3.47
1938.00	0.80
1939.00	0.40
1940.00	1.80
1941.00	5.67
1942.00	2.87
1943.00	2.73
1944.00	4.93
1945.00	-0.13
1946.00	-2.33
1947.00	5.47
1948.00	0.93
1949.00	13.67
1950.00	4.87
1951.00	5.27
1952.00	0.07
1953.00	3.40
1954.00	0.93
1955.00	2.80
1956.00	3.80
1957.00	2.53
1958.00	0.40
1959.00	5.93
1960.00	3.47
1961.00	2.80
1962.00	1.13
1963.00	8.67
1964.00	3.87
1965.00	3.60
1966.00	20.87
1967.00	5.67
1968.00	3.13
1969.00	2.73
1970.00	7.93
1971.00	5.47
1972.00	2.40
1973.00	3.80
1974.00	2.27
1975.00	-0.80
1976.00	1.93
1977.00	5.53
1978.00	6.67
1979.00	11.53
1980.00	27.13
1981.00	8.33
1982.00	8.00
1983.00	5.13
1984.00	5.00
1985.00	4.27
1986.00	4.73
1987.00	4.73
1988.00	1.07
1989.00	1.87
1990.00	2.73
1991.00	7.80
1992.00	5.07
1993.00	2.40
1994.00	-0.73
1995.00	7.80
1996.00	3.13
1997.00	4.87
1998.00	-1.60
1999.00	4.87
2000.00	3.67
2001.00	5.00
2002.00	3.00
2003.00	7.27
2004.00	2.00
2005.00	0.13
2006.00	-0.27
2007.00	2.60
2008.00	0.93
2009.00	2.00
2010.00	3.33
2011.00	2.20
2012.00	1.20
2013.00	-1.40
2014.00	-2.60
2015.00	0.33
2016.00	4.60
2017.00	5.67
2018.00	5.20
2019.00	20.20
2020.00	4.80
2021.00	3.20
2022.00	3.60
2023.00	8.13
2024.00	7.53
2025.00	6.40
2026.00	5.33
2027.00	0.93
2028.00	4.13
2029.00	2.13
2030.00	1.07
2031.00	21.67
2032.00	7.67
2033.00	0.87
2034.00	3.07
2035.00	4.40
2036.00	-2.13
2037.00	-1.47
2038.00	0.20
2039.00	3.80
2040.00	0.87
2041.00	-2.40
2042.00	2.13
2043.00	4.80
2044.00	2.87
2045.00	3.73
2046.00	2.60
2047.00	-1.13
>>>>>End Processed Spectral Data<<<<<
