0.00	0.00
1.00	-3.93
2.00	-6.40
3.00	-4.80
4.00	-4.00
5.00	0.60
6.00	0.93
7.00	2.07
8.00	0.33
9.00	0.47
10.00	-1.87
11.00	-1.73
12.00	0.20
13.00	-1.87
14.00	0.93
15.00	-0.13
16.00	-0.60
17.00	-0.27
18.00	-1.93
19.00	3.47
20.00	-1.73
21.00	0.80
22.00	1.27
23.00	1.93
24.00	0.67
25.00	-1.80
26.00	-1.80
27.00	-2.33
28.00	-0.40
29.00	2.80
30.00	-1.33
31.00	-2.93
32.00	-2.67
33.00	2.53
34.00	-0.60
35.00	2.07
36.00	-0.33
37.00	-0.93
38.00	-1.60
39.00	-0.40
40.00	-0.07
41.00	1.47
42.00	-1.20
43.00	-1.47
44.00	-0.13
45.00	0.13
46.00	-2.47
47.00	-0.13
48.00	-1.13
49.00	-0.67
50.00	2.20
51.00	0.00
52.00	-1.27
53.00	-0.13
54.00	3.60
55.00	-2.60
56.00	-0.13
57.00	-0.53
58.00	-2.67
59.00	-2.47
60.00	-2.20
61.00	-4.20
62.00	-2.60
63.00	-2.93
64.00	-3.00
65.00	0.60
66.00	0.73
67.00	-0.47
68.00	-2.53
69.00	-1.40
70.00	-4.60
71.00	0.33
72.00	-0.60
73.00	-2.60
74.00	-0.93
75.00	-4.33
76.00	-1.07
77.00	-0.07
78.00	-0.07
79.00	1.67
80.00	1.27
81.00	0.67
82.00	0.53
83.00	-2.40
84.00	-0.07
85.00	-0.80
86.00	-1.40
87.00	1.80
88.00	-0.53
89.00	1.93
90.00	-2.20
91.00	1.53
92.00	1.27
93.00	-0.93
94.00	-3.07
95.00	0.73
96.00	-1.67
97.00	0.93
98.00	-1.47
99.00	1.27
100.00	3.80
101.00	0.93
102.00	1.87
103.00	0.93
104.00	0.00
105.00	-3.13
106.00	0.00
107.00	1.87
108.00	-2.47
109.00	1.13
110.00	3.00
111.00	-0.80
112.00	0.53
113.00	-2.80
114.00	-0.67
115.00	-2.60
116.00	-1.20
117.00	3.27
118.00	0.60
119.00	3.80
120.00	0.33
121.00	1.40
122.00	-1.53
123.00	-3.47
124.00	-4.47
125.00	-1.60
126.00	0.20
127.00	-2.47
128.00	-3.73
129.00	-0.07
130.00	-0.13
131.00	-0.07
132.00	-3.07
133.00	3.00
134.00	-0.87
135.00	0.80
136.00	0.73
137.00	-1.27
138.00	-1.93
139.00	-2.27
140.00	-3.73
141.00	-0.47
142.00	-4.07
143.00	-6.87
144.00	-1.33
145.00	2.20
146.00	2.47
147.00	-1.27
148.00	0.93
149.00	0.47
150.00	2.47
151.00	0.93
152.00	0.40
153.00	3.53
154.00	2.00
155.00	1.13
156.00	0.07
157.00	-0.60
158.00	-1.27
159.00	-1.53
160.00	-2.20
161.00	-5.40
162.00	-3.40
163.00	-1.53
164.00	1.20
165.00	0.47
166.00	-4.73
167.00	-2.13
168.00	0.13
169.00	2.33
170.00	0.27
171.00	-0.87
172.00	-0.13
173.00	-0.07
174.00	-1.27
175.00	-0.87
176.00	-2.87
177.00	-3.60
178.00	0.60
179.00	-0.13
180.00	-1.00
181.00	4.87
182.00	-1.67
183.00	-1.40
184.00	2.20
185.00	-1.00
186.00	-0.73
187.00	-0.73
188.00	-1.93
189.00	-2.07
190.00	1.53
191.00	-0.53
192.00	0.53
193.00	4.73
194.00	2.67
195.00	1.13
196.00	-2.20
197.00	-0.40
198.00	-2.67
199.00	-4.33
200.00	-3.07
201.00	-4.33
202.00	-2.93
203.00	-0.47
204.00	0.20
205.00	-0.40
206.00	-0.40
207.00	-2.07
208.00	1.40
209.00	1.80
210.00	-1.27
211.00	-1.40
212.00	-1.80
213.00	4.27
214.00	3.73
215.00	-1.27
216.00	-4.33
217.00	-3.20
218.00	-1.47
219.00	1.33
220.00	-1.13
221.00	0.07
222.00	2.13
223.00	-3.00
224.00	5.07
225.00	-0.67
226.00	4.33
227.00	0.47
228.00	-1.20
229.00	5.33
230.00	0.20
231.00	2.87
232.00	2.47
233.00	0.47
234.00	1.93
235.00	3.33
236.00	-0.93
237.00	-0.40
238.00	-0.33
239.00	-0.07
240.00	-0.93
241.00	-0.13
242.00	-1.93
243.00	-0.80
244.00	-0.47
245.00	-2.13
246.00	-3.80
247.00	-0.87
248.00	-1.53
249.00	-0.73
250.00	-2.87
251.00	0.20
252.00	-1.27
253.00	-1.20
254.00	-1.33
255.00	-1.07
256.00	1.73
257.00	1.13
258.00	3.33
259.00	-5.00
260.00	-2.07
261.00	-2.33
262.00	-2.47
263.00	1.13
264.00	-0.20
265.00	-3.40
266.00	-0.47
267.00	-3.40
268.00	-3.20
269.00	-1.33
270.00	2.93
271.00	-0.80
272.00	-0.27
273.00	1.20
274.00	3.20
275.00	1.13
276.00	1.73
277.00	1.93
278.00	2.73
279.00	1.27
280.00	1.80
281.00	-0.47
282.00	-1.80
283.00	-3.73
284.00	1.53
285.00	0.07
286.00	-1.80
287.00	0.53
288.00	-3.13
289.00	0.13
290.00	-5.87
291.00	-4.27
292.00	0.27
293.00	0.20
294.00	-2.73
295.00	-0.40
296.00	0.33
297.00	2.47
298.00	-1.93
299.00	-0.20
300.00	-0.33
301.00	-0.67
302.00	1.20
303.00	-2.47
304.00	0.80
305.00	-0.93
306.00	0.27
307.00	4.53
308.00	4.00
309.00	-0.40
310.00	0.93
311.00	-1.00
312.00	0.27
313.00	-2.53
314.00	-4.07
315.00	-1.40
316.00	2.20
317.00	-4.00
318.00	-1.73
319.00	3.13
320.00	0.93
321.00	-2.87
322.00	4.40
323.00	-2.20
324.00	1.53
325.00	0.33
326.00	-4.73
327.00	-2.27
328.00	-4.87
329.00	-2.20
330.00	2.93
331.00	2.67
332.00	3.93
333.00	1.60
334.00	0.40
335.00	2.93
336.00	2.73
337.00	0.67
338.00	-1.07
339.00	-2.27
340.00	-0.67
341.00	-1.47
342.00	-0.53
343.00	-2.13
344.00	-1.27
345.00	-1.80
346.00	3.40
347.00	-0.53
348.00	0.13
349.00	1.67
350.00	-0.07
351.00	2.27
352.00	-0.60
353.00	1.53
354.00	0.27
355.00	-0.33
356.00	-0.13
357.00	2.07
358.00	1.40
359.00	0.93
360.00	-0.93
361.00	2.20
362.00	-2.13
363.00	0.13
364.00	0.67
365.00	1.93
366.00	1.07
367.00	-0.33
368.00	1.00
369.00	1.33
370.00	-4.40
371.00	0.27
372.00	0.73
373.00	-1.40
374.00	-2.87
375.00	1.13
376.00	0.33
377.00	-0.87
378.00	-0.80
379.00	-3.20
380.00	-1.67
381.00	-0.33
382.00	-1.33
383.00	1.33
384.00	-0.20
385.00	-0.07
386.00	0.20
387.00	0.67
388.00	0.40
389.00	1.87
390.00	1.93
391.00	-2.27
392.00	-0.53
393.00	-0.27
394.00	-1.67
395.00	-3.40
396.00	-0.47
397.00	-2.93
398.00	0.27
399.00	2.33
400.00	0.73
401.00	3.47
402.00	-1.13
403.00	-1.60
404.00	0.60
405.00	-1.07
406.00	-2.00
407.00	0.87
408.00	-1.53
409.00	-3.13
410.00	-2.33
411.00	1.13
412.00	1.33
413.00	4.07
414.00	0.73
415.00	0.33
416.00	-0.53
417.00	0.13
418.00	1.40
419.00	-2.47
420.00	2.07
421.00	3.93
422.00	-0.93
423.00	-3.73
424.00	0.27
425.00	1.00
426.00	-0.73
427.00	-0.27
428.00	-0.53
429.00	0.40
430.00	-0.53
431.00	0.47
432.00	-1.27
433.00	-1.27
434.00	5.20
435.00	-1.13
436.00	-0.73
437.00	3.00
438.00	-0.27
439.00	-0.33
440.00	0.47
441.00	-4.40
442.00	-1.47
443.00	-0.60
444.00	3.27
445.00	0.47
446.00	0.27
447.00	2.87
448.00	-1.80
449.00	-0.60
450.00	1.20
451.00	0.93
452.00	-1.93
453.00	-0.80
454.00	-2.33
455.00	-0.27
456.00	0.60
457.00	-1.13
458.00	-4.00
459.00	-2.40
460.00	-2.13
461.00	-4.60
462.00	0.40
463.00	-2.93
464.00	0.27
465.00	1.00
466.00	0.33
467.00	1.73
468.00	0.60
469.00	0.40
470.00	-1.87
471.00	-0.80
472.00	0.67
473.00	0.00
474.00	-1.07
475.00	-2.40
476.00	1.33
477.00	1.20
478.00	0.87
479.00	-0.07
480.00	2.27
481.00	4.73
482.00	1.87
483.00	-1.53
484.00	-1.13
485.00	0.07
486.00	0.87
487.00	1.13
488.00	-0.87
489.00	-1.73
490.00	0.33
491.00	-2.13
492.00	-1.47
493.00	-1.73
494.00	0.53
495.00	1.13
496.00	1.27
497.00	-2.80
498.00	0.27
499.00	-1.80
500.00	0.60
501.00	0.40
502.00	0.07
503.00	-0.87
504.00	-0.27
505.00	-0.67
506.00	3.67
507.00	-0.80
508.00	-0.27
509.00	-1.13
510.00	-1.47
511.00	-0.40
512.00	1.33
513.00	-2.33
514.00	0.40
515.00	-0.33
516.00	0.00
517.00	-1.20
518.00	1.47
519.00	0.73
520.00	1.47
521.00	2.67
522.00	1.87
523.00	0.07
524.00	-0.60
525.00	4.07
526.00	1.53
527.00	-3.87
528.00	-4.60
529.00	-1.47
530.00	-0.80
531.00	-2.07
532.00	-2.73
533.00	-1.53
534.00	-3.33
535.00	-1.07
536.00	3.53
537.00	3.93
538.00	0.33
539.00	1.13
540.00	3.00
541.00	0.47
542.00	-1.60
543.00	1.20
544.00	1.33
545.00	-0.47
546.00	-0.93
547.00	0.20
548.00	0.67
549.00	-2.60
550.00	-0.13
551.00	3.87
552.00	-1.27
553.00	-3.33
554.00	1.47
555.00	2.80
556.00	-0.40
557.00	-1.07
558.00	0.73
559.00	1.07
560.00	-1.47
561.00	-1.80
562.00	-0.80
563.00	-0.33
564.00	-1.00
565.00	0.33
566.00	1.27
567.00	2.00
568.00	-1.07
569.00	0.00
570.00	2.73
571.00	1.20
572.00	3.87
573.00	0.33
574.00	-0.93
575.00	-1.40
576.00	0.73
577.00	-2.13
578.00	-1.80
579.00	-0.67
580.00	1.93
581.00	-0.33
582.00	-1.27
583.00	-0.33
584.00	0.33
585.00	-0.67
586.00	-0.80
587.00	-3.00
588.00	-2.47
589.00	-1.33
590.00	-2.20
591.00	-2.40
592.00	0.87
593.00	1.07
594.00	-1.33
595.00	-4.33
596.00	-5.20
597.00	4.40
598.00	-0.13
599.00	-1.73
600.00	2.60
601.00	2.20
602.00	1.33
603.00	0.40
604.00	1.20
605.00	-3.33
606.00	-0.53
607.00	0.40
608.00	-1.73
609.00	-0.80
610.00	-2.40
611.00	-3.07
612.00	2.13
613.00	0.40
614.00	-0.27
615.00	-0.67
616.00	2.87
617.00	-0.47
618.00	1.47
619.00	0.33
620.00	4.47
621.00	0.80
622.00	-0.93
623.00	-1.93
624.00	-1.33
625.00	-1.87
626.00	-2.40
627.00	-0.07
628.00	-1.27
629.00	-3.67
630.00	-1.00
631.00	0.67
632.00	-1.33
633.00	1.07
634.00	0.33
635.00	-0.67
636.00	1.13
637.00	1.20
638.00	-1.27
639.00	1.07
640.00	2.60
641.00	2.33
642.00	1.67
643.00	-0.40
644.00	-0.13
645.00	0.13
646.00	-3.07
647.00	-0.27
648.00	-0.60
649.00	0.73
650.00	-1.00
651.00	-1.67
652.00	2.67
653.00	0.60
654.00	-0.13
655.00	0.00
656.00	1.53
657.00	-1.47
658.00	-0.47
659.00	-2.13
660.00	-0.67
661.00	-3.67
662.00	1.60
663.00	1.00
664.00	0.13
665.00	2.80
666.00	-0.60
667.00	0.73
668.00	-3.27
669.00	-2.67
670.00	-3.27
671.00	-0.33
672.00	-0.13
673.00	-1.27
674.00	0.60
675.00	-3.20
676.00	-2.53
677.00	-2.00
678.00	2.27
679.00	4.33
680.00	1.13
681.00	-2.73
682.00	1.67
683.00	2.33
684.00	0.80
685.00	1.27
686.00	-1.00
687.00	-0.20
688.00	-1.33
689.00	2.93
690.00	1.07
691.00	1.87
692.00	1.00
693.00	2.13
694.00	2.53
695.00	-0.60
696.00	-0.47
697.00	-0.73
698.00	-0.47
699.00	-0.67
700.00	3.60
701.00	2.13
702.00	-0.27
703.00	-0.67
704.00	-1.07
705.00	1.53
706.00	0.53
707.00	2.60
708.00	0.13
709.00	-3.53
710.00	-3.27
711.00	0.13
712.00	0.67
713.00	0.33
714.00	1.53
715.00	-1.13
716.00	-1.27
717.00	0.07
718.00	-0.13
719.00	-1.80
720.00	3.27
721.00	1.80
722.00	-1.13
723.00	-0.73
724.00	1.33
725.00	-1.67
726.00	0.07
727.00	1.80
728.00	0.67
729.00	-0.33
730.00	-0.07
731.00	2.20
732.00	4.93
733.00	1.13
734.00	-1.13
735.00	-1.07
736.00	-0.40
737.00	0.80
738.00	0.07
739.00	0.13
740.00	4.00
741.00	0.80
742.00	1.53
743.00	-0.60
744.00	-0.47
745.00	-1.47
746.00	2.47
747.00	-3.00
748.00	-0.27
749.00	-1.00
750.00	-0.73
751.00	-1.07
752.00	-2.13
753.00	-0.80
754.00	0.40
755.00	-1.73
756.00	0.20
757.00	5.40
758.00	-0.73
759.00	4.13
760.00	-0.33
761.00	-4.47
762.00	-1.00
763.00	0.87
764.00	-2.20
765.00	-1.00
766.00	2.00
767.00	0.47
768.00	-1.33
769.00	-2.47
770.00	-3.87
771.00	-0.27
772.00	1.67
773.00	-0.40
774.00	-0.67
775.00	-0.40
776.00	-1.73
777.00	2.00
778.00	1.47
779.00	1.07
780.00	2.13
781.00	1.73
782.00	4.40
783.00	-3.13
784.00	-1.60
785.00	3.13
786.00	3.00
787.00	2.20
788.00	1.40
789.00	2.20
790.00	-0.27
791.00	0.33
792.00	-0.53
793.00	1.67
794.00	3.27
795.00	0.07
796.00	0.60
797.00	2.13
798.00	5.27
799.00	3.13
800.00	1.07
801.00	-0.53
802.00	2.00
803.00	-0.13
804.00	2.60
805.00	5.20
806.00	2.73
807.00	3.40
808.00	3.07
809.00	3.00
810.00	-1.20
811.00	-2.80
812.00	1.33
813.00	3.60
814.00	0.13
815.00	-3.53
816.00	-1.13
817.00	-1.80
818.00	0.13
819.00	-1.13
820.00	1.13
821.00	3.93
822.00	2.47
823.00	0.33
824.00	0.33
825.00	3.07
826.00	2.93
827.00	2.73
828.00	1.80
829.00	3.87
830.00	1.33
831.00	1.20
832.00	4.73
833.00	1.27
834.00	-0.67
835.00	-1.60
836.00	0.27
837.00	4.00
838.00	-1.67
839.00	-1.07
840.00	5.00
841.00	2.07
842.00	0.20
843.00	2.13
844.00	3.73
845.00	1.60
846.00	0.53
847.00	3.53
848.00	2.40
849.00	0.20
850.00	0.67
851.00	-1.27
852.00	0.93
853.00	1.60
854.00	3.60
855.00	2.27
856.00	-3.33
857.00	-0.07
858.00	4.73
859.00	-0.67
860.00	-0.93
861.00	-0.47
862.00	3.33
863.00	1.13
864.00	2.27
865.00	4.40
866.00	-0.67
867.00	5.00
868.00	4.27
869.00	7.60
870.00	3.60
871.00	3.13
872.00	3.13
873.00	5.47
874.00	3.47
875.00	6.00
876.00	3.80
877.00	7.00
878.00	3.33
879.00	3.20
880.00	4.67
881.00	8.47
882.00	8.47
883.00	1.00
884.00	2.60
885.00	5.87
886.00	10.27
887.00	9.27
888.00	4.40
889.00	4.67
890.00	8.60
891.00	12.40
892.00	13.73
893.00	12.53
894.00	12.07
895.00	11.20
896.00	18.93
897.00	13.33
898.00	21.80
899.00	46.87
900.00	91.07
901.00	175.60
902.00	318.40
903.00	498.60
904.00	756.20
905.00	1054.47
906.00	1429.60
907.00	1775.53
908.00	2179.13
909.00	2522.67
910.00	2938.27
911.00	3283.80
912.00	3575.47
913.00	3763.20
914.00	3886.73
915.00	3891.27
916.00	3748.67
917.00	3561.73
918.00	3343.20
919.00	3023.00
920.00	2658.87
921.00	2234.53
922.00	1790.87
923.00	1323.73
924.00	917.60
925.00	606.80
926.00	394.47
927.00	234.53
928.00	136.87
929.00	76.60
930.00	48.67
931.00	29.40
932.00	24.07
933.00	19.93
934.00	17.80
935.00	13.13
936.00	10.67
937.00	14.73
938.00	10.87
939.00	8.27
940.00	8.60
941.00	7.40
942.00	8.67
943.00	7.07
944.00	9.67
945.00	9.87
946.00	10.07
947.00	7.80
948.00	8.80
949.00	10.07
950.00	8.07
951.00	6.87
952.00	6.20
953.00	3.80
954.00	4.93
955.00	7.87
956.00	4.67
957.00	5.33
958.00	7.47
959.00	3.80
960.00	3.73
961.00	5.33
962.00	3.13
963.00	1.93
964.00	4.53
965.00	2.00
966.00	3.47
967.00	3.33
968.00	1.60
969.00	0.60
970.00	1.60
971.00	3.47
972.00	3.40
973.00	1.93
974.00	-0.53
975.00	3.27
976.00	0.27
977.00	2.20
978.00	3.13
979.00	0.67
980.00	2.80
981.00	3.00
982.00	1.67
983.00	2.47
984.00	0.93
985.00	2.53
986.00	4.33
987.00	1.53
988.00	5.53
989.00	4.33
990.00	2.00
991.00	2.73
992.00	8.80
993.00	2.73
994.00	2.67
995.00	2.13
996.00	-1.47
997.00	2.13
998.00	1.60
999.00	2.40
1000.00	1.73
1001.00	0.27
1002.00	2.67
1003.00	2.87
1004.00	2.73
1005.00	3.80
1006.00	0.00
1007.00	1.33
1008.00	-1.00
1009.00	-0.73
1010.00	-0.73
1011.00	-1.67
1012.00	1.47
1013.00	-0.47
1014.00	2.93
1015.00	-1.27
1016.00	0.93
1017.00	0.93
1018.00	1.07
1019.00	1.07
1020.00	0.13
1021.00	2.07
1022.00	-1.20
1023.00	1.47
1024.00	8.60
1025.00	3.13
1026.00	1.13
1027.00	-0.87
1028.00	1.33
1029.00	0.20
1030.00	0.67
1031.00	-1.27
1032.00	2.67
1033.00	-0.13
1034.00	-1.20
1035.00	-0.53
1036.00	3.60
1037.00	2.67
1038.00	2.07
1039.00	1.07
1040.00	0.80
1041.00	0.40
1042.00	0.07
1043.00	3.00
1044.00	-0.47
1045.00	0.60
1046.00	2.53
1047.00	2.73
1048.00	1.07
1049.00	0.07
1050.00	0.60
1051.00	2.60
1052.00	-0.73
1053.00	5.20
1054.00	2.47
1055.00	-0.07
1056.00	2.27
1057.00	0.47
1058.00	-0.73
1059.00	-3.53
1060.00	-1.27
1061.00	1.20
1062.00	1.67
1063.00	-1.20
1064.00	1.27
1065.00	-2.20
1066.00	-2.80
1067.00	2.20
1068.00	-2.73
1069.00	-0.60
1070.00	-0.67
1071.00	1.13
1072.00	1.40
1073.00	-3.67
1074.00	0.27
1075.00	-0.07
1076.00	-4.27
1077.00	-0.40
1078.00	-3.47
1079.00	-0.20
1080.00	0.53
1081.00	3.60
1082.00	0.47
1083.00	1.67
1084.00	1.53
1085.00	0.27
1086.00	0.87
1087.00	1.53
1088.00	2.27
1089.00	-0.47
1090.00	0.47
1091.00	1.20
1092.00	6.13
1093.00	-1.20
1094.00	-0.07
1095.00	-1.20
1096.00	-3.13
1097.00	0.07
1098.00	-2.53
1099.00	-1.53
1100.00	-0.40
1101.00	-0.47
1102.00	0.67
1103.00	2.53
1104.00	1.53
1105.00	0.47
1106.00	-0.73
1107.00	-2.73
1108.00	-0.60
1109.00	3.60
1110.00	-1.67
1111.00	-2.80
1112.00	-2.60
1113.00	-2.07
1114.00	0.80
1115.00	0.53
1116.00	-0.73
1117.00	0.20
1118.00	-2.87
1119.00	3.27
1120.00	1.93
1121.00	0.80
1122.00	-0.87
1123.00	1.93
1124.00	4.07
1125.00	1.80
1126.00	0.13
1127.00	-0.33
1128.00	0.47
1129.00	-4.27
1130.00	-3.67
1131.00	-2.20
1132.00	-0.33
1133.00	-0.53
1134.00	-3.40
1135.00	-5.60
1136.00	-4.20
1137.00	-5.53
1138.00	-2.53
1139.00	3.20
1140.00	1.87
1141.00	2.80
1142.00	1.60
1143.00	-1.67
1144.00	1.93
1145.00	1.60
1146.00	4.47
1147.00	7.40
1148.00	0.47
1149.00	-3.07
1150.00	0.27
1151.00	2.80
1152.00	2.87
1153.00	2.67
1154.00	-2.60
1155.00	-3.13
1156.00	0.00
1157.00	0.00
1158.00	-2.80
1159.00	-0.13
1160.00	1.93
1161.00	0.73
1162.00	4.33
1163.00	4.53
1164.00	-2.60
1165.00	-3.67
1166.00	-2.80
1167.00	0.80
1168.00	1.20
1169.00	-1.67
1170.00	0.27
1171.00	-2.13
1172.00	-3.80
1173.00	1.27
1174.00	-0.07
1175.00	-0.60
1176.00	0.40
1177.00	-0.87
1178.00	1.40
1179.00	-3.47
1180.00	2.13
1181.00	2.07
1182.00	1.07
1183.00	-0.40
1184.00	1.33
1185.00	-2.80
1186.00	-1.13
1187.00	2.47
1188.00	0.40
1189.00	-1.93
1190.00	-0.67
1191.00	-0.40
1192.00	-5.27
1193.00	1.67
1194.00	4.07
1195.00	-1.47
1196.00	-1.53
1197.00	-4.73
1198.00	-4.80
1199.00	3.47
1200.00	2.80
1201.00	-1.20
1202.00	3.80
1203.00	0.47
1204.00	1.67
1205.00	3.67
1206.00	4.67
1207.00	-2.60
1208.00	-1.47
1209.00	-2.27
1210.00	-3.87
1211.00	1.40
1212.00	-0.07
1213.00	-2.93
1214.00	0.40
1215.00	-3.13
1216.00	-2.53
1217.00	-0.60
1218.00	-1.60
1219.00	5.33
1220.00	-1.33
1221.00	-1.73
1222.00	-1.67
1223.00	0.87
1224.00	0.13
1225.00	2.27
1226.00	-0.80
1227.00	-0.60
1228.00	1.07
1229.00	-0.93
1230.00	0.53
1231.00	2.40
1232.00	3.73
1233.00	-0.40
1234.00	1.20
1235.00	0.20
1236.00	-0.13
1237.00	-4.00
1238.00	-1.93
1239.00	10.40
1240.00	0.33
1241.00	2.67
1242.00	-3.60
1243.00	-2.67
1244.00	0.53
1245.00	5.67
1246.00	-0.47
1247.00	-2.60
1248.00	0.33
1249.00	-0.27
1250.00	2.13
1251.00	-0.07
1252.00	-1.73
1253.00	2.47
1254.00	0.47
1255.00	-0.93
1256.00	-1.53
1257.00	-0.87
1258.00	-0.60
1259.00	-0.60
1260.00	2.20
1261.00	-0.73
1262.00	-1.47
1263.00	-0.73
1264.00	-0.07
1265.00	0.27
1266.00	2.67
1267.00	1.27
1268.00	0.87
1269.00	-1.13
1270.00	1.80
1271.00	1.13
1272.00	1.40
1273.00	2.27
1274.00	2.00
1275.00	-1.93
1276.00	2.47
1277.00	5.27
1278.00	-0.40
1279.00	-1.80
1280.00	0.40
1281.00	-1.20
1282.00	-0.87
1283.00	2.67
1284.00	0.40
1285.00	-0.80
1286.00	2.93
1287.00	1.73
1288.00	-0.07
1289.00	0.67
1290.00	0.67
1291.00	-0.80
1292.00	-0.27
1293.00	4.00
1294.00	-0.87
1295.00	-1.47
1296.00	-0.20
1297.00	-0.87
1298.00	-3.27
1299.00	0.20
1300.00	-1.60
1301.00	-1.40
1302.00	0.47
1303.00	-2.33
1304.00	-0.73
1305.00	0.87
1306.00	1.73
1307.00	1.27
1308.00	-1.13
1309.00	-0.27
1310.00	-0.67
1311.00	-2.40
1312.00	-1.53
1313.00	2.27
1314.00	0.53
1315.00	3.80
1316.00	5.93
1317.00	-1.00
1318.00	0.93
1319.00	-0.73
1320.00	-1.93
1321.00	-1.00
1322.00	1.27
1323.00	-0.33
1324.00	-0.53
1325.00	-1.40
1326.00	-0.47
1327.00	-1.40
1328.00	0.93
1329.00	0.67
1330.00	4.20
1331.00	1.00
1332.00	-1.13
1333.00	0.87
1334.00	-0.27
1335.00	1.53
1336.00	0.47
1337.00	0.00
1338.00	-1.13
1339.00	-1.87
1340.00	-5.53
1341.00	-4.93
1342.00	-3.87
1343.00	1.53
1344.00	-0.87
1345.00	5.27
1346.00	1.20
1347.00	1.93
1348.00	-1.07
1349.00	1.27
1350.00	4.07
1351.00	-0.27
1352.00	-3.67
1353.00	1.20
1354.00	-0.60
1355.00	-1.73
1356.00	1.27
1357.00	2.53
1358.00	1.60
1359.00	1.20
1360.00	0.07
1361.00	5.47
1362.00	1.60
1363.00	-0.73
1364.00	-1.60
1365.00	1.33
1366.00	3.20
1367.00	-2.47
1368.00	-2.00
1369.00	-3.67
1370.00	-4.67
1371.00	0.60
1372.00	1.53
1373.00	3.87
1374.00	1.27
1375.00	-2.07
1376.00	-1.67
1377.00	0.07
1378.00	-2.53
1379.00	-2.67
1380.00	-2.93
1381.00	-0.87
1382.00	-1.13
1383.00	3.00
1384.00	0.67
1385.00	-2.27
1386.00	2.00
1387.00	-0.27
1388.00	-3.00
1389.00	2.00
1390.00	1.87
1391.00	0.47
1392.00	-1.80
1393.00	1.20
1394.00	2.73
1395.00	-1.60
1396.00	0.53
1397.00	-0.53
1398.00	-0.80
1399.00	-0.40
1400.00	3.20
1401.00	2.00
1402.00	-2.40
1403.00	-1.07
1404.00	4.67
1405.00	2.07
1406.00	-0.60
1407.00	-3.00
1408.00	-2.87
1409.00	1.07
1410.00	2.27
1411.00	-0.33
1412.00	0.40
1413.00	-3.40
1414.00	-2.20
1415.00	-0.67
1416.00	-1.20
1417.00	-3.47
1418.00	0.27
1419.00	-0.27
1420.00	1.00
1421.00	1.67
1422.00	4.73
1423.00	-3.53
1424.00	-3.53
1425.00	1.87
1426.00	-2.07
1427.00	-1.40
1428.00	-0.87
1429.00	-1.40
1430.00	-0.07
1431.00	0.40
1432.00	1.07
1433.00	1.73
1434.00	-0.93
1435.00	-5.20
1436.00	-2.67
1437.00	-0.67
1438.00	2.27
1439.00	1.20
1440.00	-0.33
1441.00	2.67
1442.00	-0.73
1443.00	0.40
1444.00	-0.40
1445.00	7.93
1446.00	1.20
1447.00	2.40
1448.00	2.40
1449.00	-0.40
1450.00	0.93
1451.00	1.20
1452.00	0.80
1453.00	0.00
1454.00	-0.07
1455.00	-2.93
1456.00	-2.20
1457.00	2.33
1458.00	3.80
1459.00	3.47
1460.00	1.07
1461.00	2.67
1462.00	-2.60
1463.00	0.67
1464.00	-1.13
1465.00	2.33
1466.00	-0.20
1467.00	-3.20
1468.00	-4.13
1469.00	-1.00
1470.00	1.33
1471.00	5.07
1472.00	1.87
1473.00	-0.60
1474.00	2.53
1475.00	0.47
1476.00	10.60
1477.00	0.60
1478.00	0.87
1479.00	-0.20
1480.00	-0.93
1481.00	0.20
1482.00	0.67
1483.00	-0.87
1484.00	2.00
1485.00	0.60
1486.00	-0.60
1487.00	1.80
1488.00	1.40
1489.00	2.27
1490.00	0.33
1491.00	-0.40
1492.00	1.47
1493.00	1.40
1494.00	2.60
1495.00	0.80
1496.00	1.40
1497.00	1.53
1498.00	5.27
1499.00	-1.60
1500.00	1.33
1501.00	2.67
1502.00	1.80
1503.00	-0.67
1504.00	-2.33
1505.00	1.60
1506.00	0.93
1507.00	1.47
1508.00	-1.00
1509.00	1.47
1510.00	3.87
1511.00	-1.33
1512.00	0.00
1513.00	0.87
1514.00	3.67
1515.00	3.67
1516.00	3.13
1517.00	1.20
1518.00	-3.00
1519.00	-4.20
1520.00	0.60
1521.00	-1.20
1522.00	-1.20
1523.00	0.93
1524.00	0.20
1525.00	-1.73
1526.00	-1.13
1527.00	-1.20
1528.00	-0.33
1529.00	1.60
1530.00	-0.67
1531.00	-0.13
1532.00	-1.93
1533.00	1.87
1534.00	2.27
1535.00	0.33
1536.00	-0.87
1537.00	-2.07
1538.00	0.33
1539.00	0.00
1540.00	-0.20
1541.00	-2.20
1542.00	1.60
1543.00	2.20
1544.00	1.13
1545.00	0.27
1546.00	-2.93
1547.00	-1.13
1548.00	-0.67
1549.00	1.47
1550.00	3.13
1551.00	1.53
1552.00	3.67
1553.00	-2.40
1554.00	-0.73
1555.00	1.20
1556.00	4.33
1557.00	-1.40
1558.00	-3.93
1559.00	-0.33
1560.00	0.13
1561.00	1.93
1562.00	1.80
1563.00	-0.13
1564.00	1.33
1565.00	-0.67
1566.00	3.47
1567.00	-1.67
1568.00	0.53
1569.00	2.13
1570.00	-0.13
1571.00	-2.80
1572.00	-4.60
1573.00	-0.40
1574.00	-1.67
1575.00	1.47
1576.00	0.80
1577.00	-0.80
1578.00	-0.87
1579.00	-0.07
1580.00	3.00
1581.00	1.27
1582.00	3.60
1583.00	1.40
1584.00	3.60
1585.00	0.53
1586.00	-2.33
1587.00	-3.47
1588.00	-1.87
1589.00	-2.00
1590.00	-1.13
1591.00	0.93
1592.00	-0.27
1593.00	-1.53
1594.00	0.73
1595.00	4.27
1596.00	-3.53
1597.00	-0.33
1598.00	-2.53
1599.00	1.40
1600.00	2.33
1601.00	2.00
1602.00	0.20
1603.00	-1.73
1604.00	2.40
1605.00	-2.73
1606.00	5.20
1607.00	0.80
1608.00	-0.07
1609.00	3.00
1610.00	-2.73
1611.00	-2.80
1612.00	-1.07
1613.00	2.93
1614.00	0.93
1615.00	0.00
1616.00	-0.13
1617.00	1.00
1618.00	0.40
1619.00	0.33
1620.00	3.93
1621.00	2.27
1622.00	0.93
1623.00	4.93
1624.00	0.20
1625.00	3.40
1626.00	-0.07
1627.00	-2.27
1628.00	-1.00
1629.00	5.47
1630.00	2.93
1631.00	5.13
1632.00	4.93
1633.00	-2.80
1634.00	-1.80
1635.00	-2.20
1636.00	-3.13
1637.00	2.60
1638.00	-0.67
1639.00	-1.80
1640.00	-1.40
1641.00	-1.47
1642.00	0.73
1643.00	0.40
1644.00	1.13
1645.00	-0.73
1646.00	1.67
1647.00	3.47
1648.00	0.47
1649.00	-1.07
1650.00	0.67
1651.00	-1.40
1652.00	-0.33
1653.00	2.80
1654.00	3.93
1655.00	4.07
1656.00	-0.27
1657.00	3.67
1658.00	-0.73
1659.00	-0.60
1660.00	-1.53
1661.00	0.00
1662.00	-0.40
1663.00	2.87
1664.00	1.07
1665.00	0.87
1666.00	0.47
1667.00	1.13
1668.00	0.67
1669.00	0.80
1670.00	-2.33
1671.00	0.60
1672.00	-1.27
1673.00	2.07
1674.00	-0.80
1675.00	2.60
1676.00	0.73
1677.00	-0.73
1678.00	2.13
1679.00	-3.33
1680.00	-0.47
1681.00	2.13
1682.00	3.33
1683.00	-0.33
1684.00	0.33
1685.00	0.80
1686.00	2.87
1687.00	1.53
1688.00	0.53
1689.00	-0.60
1690.00	2.47
1691.00	-0.07
1692.00	1.27
1693.00	3.87
1694.00	2.60
1695.00	0.13
1696.00	1.47
1697.00	3.07
1698.00	-0.40
1699.00	-2.13
1700.00	0.33
1701.00	2.07
1702.00	8.93
1703.00	1.60
1704.00	1.00
1705.00	3.80
1706.00	-3.33
1707.00	-2.67
1708.00	-1.20
1709.00	0.33
1710.00	-0.87
1711.00	1.07
1712.00	-1.27
1713.00	-1.53
1714.00	-0.53
1715.00	3.13
1716.00	-1.53
1717.00	-1.40
1718.00	-1.40
1719.00	0.07
1720.00	-1.00
1721.00	-0.87
1722.00	-1.47
1723.00	-0.33
1724.00	-2.47
1725.00	5.00
1726.00	3.00
1727.00	5.60
1728.00	1.33
1729.00	1.07
1730.00	-0.80
1731.00	2.13
1732.00	0.53
1733.00	2.33
1734.00	1.33
1735.00	-0.47
1736.00	2.13
1737.00	0.87
1738.00	-3.13
1739.00	2.67
1740.00	-0.73
1741.00	-1.00
1742.00	-0.13
1743.00	-0.73
1744.00	-0.07
1745.00	0.73
1746.00	-1.73
1747.00	-0.27
1748.00	0.40
1749.00	1.20
1750.00	4.33
1751.00	1.67
1752.00	0.33
1753.00	-1.53
1754.00	5.73
1755.00	-2.40
1756.00	-2.53
1757.00	1.47
1758.00	3.60
1759.00	0.07
1760.00	-0.73
1761.00	3.40
1762.00	1.47
1763.00	-0.93
1764.00	-0.27
1765.00	-3.93
1766.00	-0.40
1767.00	1.00
1768.00	-0.67
1769.00	-1.00
1770.00	3.07
1771.00	-0.60
1772.00	-0.20
1773.00	0.27
1774.00	1.80
1775.00	-3.13
1776.00	-1.93
1777.00	-0.27
1778.00	0.47
1779.00	-0.73
1780.00	0.87
1781.00	-2.60
1782.00	-1.80
1783.00	-0.07
1784.00	-3.87
1785.00	-3.33
1786.00	-2.87
1787.00	-1.20
1788.00	-1.80
1789.00	-0.40
1790.00	-2.33
1791.00	-1.00
1792.00	-0.47
1793.00	3.80
1794.00	1.40
1795.00	-3.47
1796.00	1.73
1797.00	2.80
1798.00	-2.13
1799.00	-2.47
1800.00	1.80
1801.00	-1.00
1802.00	0.60
1803.00	0.87
1804.00	1.00
1805.00	0.93
1806.00	-0.13
1807.00	-1.13
1808.00	3.73
1809.00	1.87
1810.00	0.20
1811.00	3.07
1812.00	3.40
1813.00	-1.00
1814.00	-1.53
1815.00	1.60
1816.00	0.67
1817.00	1.07
1818.00	0.27
1819.00	-0.40
1820.00	4.00
1821.00	1.73
1822.00	-1.87
1823.00	1.40
1824.00	1.13
1825.00	-1.60
1826.00	3.60
1827.00	3.27
1828.00	-0.07
1829.00	1.07
1830.00	-2.20
1831.00	-1.00
1832.00	-0.80
1833.00	-0.13
1834.00	1.47
1835.00	-2.53
1836.00	-4.33
1837.00	-2.20
1838.00	-1.07
1839.00	6.93
1840.00	-0.67
1841.00	1.93
1842.00	2.33
1843.00	1.47
1844.00	-3.53
1845.00	-0.67
1846.00	0.93
1847.00	1.53
1848.00	-0.80
1849.00	1.00
1850.00	1.40
1851.00	1.93
1852.00	2.33
1853.00	-0.07
1854.00	-2.60
1855.00	-2.20
1856.00	-3.40
1857.00	-1.60
1858.00	0.47
1859.00	2.00
1860.00	3.87
1861.00	1.47
1862.00	-2.13
1863.00	2.07
1864.00	-0.20
1865.00	2.07
1866.00	-1.13
1867.00	0.60
1868.00	-0.73
1869.00	-1.73
1870.00	-0.07
1871.00	1.67
1872.00	2.47
1873.00	3.33
1874.00	1.20
1875.00	-1.73
1876.00	-5.27
1877.00	-1.07
1878.00	-0.53
1879.00	2.27
1880.00	-0.40
1881.00	0.40
1882.00	2.87
1883.00	1.93
1884.00	1.07
1885.00	-0.33
1886.00	-4.07
1887.00	-2.80
1888.00	0.87
1889.00	1.80
1890.00	1.20
1891.00	7.53
1892.00	0.33
1893.00	-1.13
1894.00	-2.27
1895.00	-0.93
1896.00	0.73
1897.00	0.27
1898.00	-0.20
1899.00	-0.40
1900.00	-0.93
1901.00	-2.87
1902.00	0.73
1903.00	1.00
1904.00	0.93
1905.00	4.27
1906.00	-1.40
1907.00	-1.73
1908.00	-2.73
1909.00	1.07
1910.00	-1.07
1911.00	1.13
1912.00	1.00
1913.00	-2.47
1914.00	-3.53
1915.00	-4.93
1916.00	1.93
1917.00	1.67
1918.00	-2.40
1919.00	1.00
1920.00	0.27
1921.00	-5.47
1922.00	-1.93
1923.00	-3.53
1924.00	-0.20
1925.00	-2.20
1926.00	-2.53
1927.00	-0.40
1928.00	-0.53
1929.00	0.20
1930.00	-1.87
1931.00	-6.20
1932.00	-1.53
1933.00	1.87
1934.00	0.87
1935.00	-1.20
1936.00	0.27
1937.00	-0.53
1938.00	-1.20
1939.00	-0.60
1940.00	-1.20
1941.00	0.67
1942.00	-0.13
1943.00	0.73
1944.00	-2.07
1945.00	-2.13
1946.00	-1.33
1947.00	3.47
1948.00	1.93
1949.00	-0.33
1950.00	-1.13
1951.00	-1.73
1952.00	-0.93
1953.00	-2.60
1954.00	-2.07
1955.00	-2.20
1956.00	-1.20
1957.00	-0.47
1958.00	-0.60
1959.00	-3.07
1960.00	0.47
1961.00	1.80
1962.00	0.13
1963.00	2.67
1964.00	-0.13
1965.00	-0.40
1966.00	3.87
1967.00	2.67
1968.00	3.13
1969.00	-0.27
1970.00	3.93
1971.00	3.47
1972.00	1.40
1973.00	-1.20
1974.00	3.27
1975.00	1.20
1976.00	-1.07
1977.00	-1.47
1978.00	-2.33
1979.00	-0.47
1980.00	7.13
1981.00	3.33
1982.00	5.00
1983.00	1.13
1984.00	-4.00
1985.00	-1.73
1986.00	1.73
1987.00	-2.27
1988.00	-3.93
1989.00	-2.13
1990.00	0.73
1991.00	1.80
1992.00	0.07
1993.00	-0.60
1994.00	2.27
1995.00	2.80
1996.00	-0.87
1997.00	-1.13
1998.00	-1.60
1999.00	-1.13
2000.00	-2.33
2001.00	-1.00
2002.00	-1.00
2003.00	1.27
2004.00	-1.00
2005.00	-0.87
2006.00	-0.27
2007.00	0.60
2008.00	0.93
2009.00	2.00
2010.00	-2.67
2011.00	-1.80
2012.00	1.20
2013.00	1.60
2014.00	0.40
2015.00	-0.67
2016.00	-2.40
2017.00	-1.33
2018.00	-0.80
2019.00	0.20
2020.00	0.80
2021.00	-1.80
2022.00	-4.40
2023.00	-0.87
2024.00	-0.47
2025.00	0.40
2026.00	1.33
2027.00	0.93
2028.00	4.13
2029.00	-0.87
2030.00	-1.93
2031.00	0.67
2032.00	0.67
2033.00	1.87
2034.00	0.07
2035.00	-0.60
2036.00	0.87
2037.00	1.53
2038.00	-0.80
2039.00	5.80
2040.00	-1.13
2041.00	-2.40
2042.00	-3.87
2043.00	-1.20
2044.00	-2.13
2045.00	-3.27
2046.00	0.60
2047.00	-3.13
>>>>>End Processed Spectral Data<<<<<
