0.00	0.00
1.00	1.07
2.00	1.60
3.00	0.20
4.00	0.00
5.00	-0.40
6.00	-2.07
7.00	2.07
8.00	3.33
9.00	0.47
10.00	-2.87
11.00	-2.73
12.00	-1.80
13.00	0.13
14.00	-4.07
15.00	-2.13
16.00	-2.60
17.00	-2.27
18.00	-0.93
19.00	-1.53
20.00	-4.73
21.00	-3.20
22.00	-2.73
23.00	1.93
24.00	-3.33
25.00	-0.80
26.00	-0.80
27.00	-0.33
28.00	-3.40
29.00	-2.20
30.00	-1.33
31.00	-0.93
32.00	-3.67
33.00	-4.47
34.00	-4.60
35.00	0.07
36.00	2.67
37.00	-2.93
38.00	-0.60
39.00	-2.40
40.00	-3.07
41.00	0.47
42.00	0.80
43.00	-0.47
44.00	-2.13
45.00	2.13
46.00	-1.47
47.00	-3.13
48.00	-1.13
49.00	3.33
50.00	-0.80
51.00	2.00
52.00	-3.27
53.00	0.87
54.00	-0.40
55.00	-0.60
56.00	1.87
57.00	0.47
58.00	-2.67
59.00	-1.47
60.00	-0.20
61.00	-3.20
62.00	-4.60
63.00	-5.93
64.00	-3.00
65.00	-1.40
66.00	-2.27
67.00	-6.47
68.00	-0.53
69.00	-4.40
70.00	-1.60
71.00	-0.67
72.00	-4.60
73.00	-3.60
74.00	0.07
75.00	-3.33
76.00	-4.07
77.00	2.93
78.00	1.93
79.00	-2.33
80.00	-0.73
81.00	-0.33
82.00	-3.47
83.00	-0.40
84.00	-2.07
85.00	-0.80
86.00	1.60
87.00	-1.20
88.00	-1.53
89.00	-3.07
90.00	-2.20
91.00	1.53
92.00	1.27
93.00	0.07
94.00	-0.07
95.00	-0.27
96.00	-0.67
97.00	-0.07
98.00	-1.47
99.00	-1.73
100.00	-0.20
101.00	1.93
102.00	-1.13
103.00	-2.07
104.00	1.00
105.00	-1.13
106.00	-5.00
107.00	-3.13
108.00	-1.47
109.00	3.13
110.00	4.00
111.00	-0.80
112.00	-0.47
113.00	-1.80
114.00	2.33
115.00	-0.60
116.00	-0.20
117.00	5.27
118.00	1.60
119.00	6.80
120.00	0.33
121.00	-1.60
122.00	0.47
123.00	0.53
124.00	-1.47
125.00	-2.60
126.00	-0.80
127.00	-1.47
128.00	-3.73
129.00	-0.07
130.00	-1.13
131.00	-0.07
132.00	-2.07
133.00	2.00
134.00	1.13
135.00	-0.20
136.00	-1.27
137.00	-2.27
138.00	-2.93
139.00	-2.27
140.00	-3.73
141.00	1.53
142.00	-0.07
143.00	-0.87
144.00	-2.33
145.00	-0.80
146.00	-1.53
147.00	-3.27
148.00	-3.07
149.00	0.47
150.00	-1.53
151.00	-3.07
152.00	-5.60
153.00	-2.47
154.00	-2.00
155.00	-2.87
156.00	-1.93
157.00	0.40
158.00	-0.27
159.00	-0.53
160.00	-1.20
161.00	-2.40
162.00	-2.40
163.00	2.47
164.00	-0.80
165.00	-0.53
166.00	0.27
167.00	-3.13
168.00	-3.87
169.00	-3.67
170.00	-1.73
171.00	2.13
172.00	-2.13
173.00	-1.07
174.00	1.73
175.00	0.13
176.00	0.13
177.00	-1.60
178.00	1.60
179.00	1.87
180.00	0.00
181.00	5.87
182.00	-1.67
183.00	-0.40
184.00	-3.80
185.00	-1.00
186.00	-0.73
187.00	-1.73
188.00	2.07
189.00	-1.07
190.00	-5.47
191.00	0.47
192.00	2.53
193.00	-1.27
194.00	0.67
195.00	-1.87
196.00	-4.20
197.00	-0.40
198.00	-0.67
199.00	-1.33
200.00	-1.07
201.00	1.67
202.00	-2.93
203.00	-2.47
204.00	-1.80
205.00	-1.40
206.00	-3.40
207.00	0.93
208.00	-1.60
209.00	-0.20
210.00	-5.27
211.00	-0.40
212.00	2.20
213.00	-1.73
214.00	0.73
215.00	-0.27
216.00	-0.33
217.00	-0.20
218.00	-0.47
219.00	2.33
220.00	0.87
221.00	0.07
222.00	-2.87
223.00	0.00
224.00	2.07
225.00	-0.67
226.00	-1.67
227.00	-0.53
228.00	-0.20
229.00	-1.67
230.00	-1.80
231.00	0.87
232.00	0.47
233.00	0.47
234.00	-2.07
235.00	-3.67
236.00	-1.93
237.00	-1.40
238.00	-2.33
239.00	-3.07
240.00	0.07
241.00	2.87
242.00	-0.93
243.00	1.20
244.00	-0.47
245.00	-1.13
246.00	-2.80
247.00	-2.87
248.00	0.47
249.00	4.27
250.00	-0.87
251.00	-0.80
252.00	-3.27
253.00	1.80
254.00	-0.33
255.00	-0.07
256.00	-1.27
257.00	-3.87
258.00	5.33
259.00	-2.00
260.00	-2.07
261.00	-2.33
262.00	0.53
263.00	-1.87
264.00	-1.20
265.00	-0.40
266.00	1.53
267.00	-1.40
268.00	0.80
269.00	-1.33
270.00	1.93
271.00	-0.80
272.00	-4.27
273.00	1.20
274.00	3.20
275.00	2.13
276.00	-0.27
277.00	-2.07
278.00	1.73
279.00	-0.73
280.00	-3.20
281.00	-4.47
282.00	-3.80
283.00	-4.73
284.00	3.53
285.00	0.07
286.00	-2.80
287.00	0.53
288.00	1.87
289.00	-3.87
290.00	-3.87
291.00	-4.27
292.00	-1.73
293.00	0.20
294.00	0.27
295.00	0.60
296.00	-0.67
297.00	-1.53
298.00	-0.93
299.00	1.80
300.00	0.67
301.00	-0.67
302.00	-2.80
303.00	-0.47
304.00	-1.20
305.00	-0.93
306.00	-1.73
307.00	-1.47
308.00	0.00
309.00	-1.40
310.00	-3.07
311.00	-1.00
312.00	0.27
313.00	1.47
314.00	-2.07
315.00	-0.40
316.00	0.20
317.00	2.00
318.00	0.27
319.00	1.13
320.00	-2.07
321.00	-2.87
322.00	1.40
323.00	0.80
324.00	-2.47
325.00	-3.67
326.00	-0.73
327.00	0.73
328.00	-0.87
329.00	-1.20
330.00	-1.07
331.00	-3.33
332.00	-2.07
333.00	-1.40
334.00	-0.60
335.00	-0.07
336.00	2.73
337.00	-2.33
338.00	-2.07
339.00	-0.27
340.00	-2.67
341.00	1.53
342.00	1.47
343.00	-0.13
344.00	-4.27
345.00	-1.80
346.00	2.40
347.00	-1.53
348.00	-3.87
349.00	-4.33
350.00	-3.07
351.00	-1.73
352.00	-2.60
353.00	-3.47
354.00	-1.73
355.00	-3.33
356.00	-3.13
357.00	2.07
358.00	1.40
359.00	-1.07
360.00	-2.93
361.00	-4.80
362.00	-0.13
363.00	-1.87
364.00	-3.33
365.00	-0.07
366.00	-2.93
367.00	-3.33
368.00	-4.00
369.00	-1.67
370.00	-4.40
371.00	-0.73
372.00	-1.27
373.00	-3.40
374.00	0.13
375.00	1.13
376.00	-2.67
377.00	0.13
378.00	0.20
379.00	-3.20
380.00	-0.67
381.00	0.67
382.00	-0.33
383.00	-3.67
384.00	-4.20
385.00	-3.07
386.00	-3.80
387.00	-2.33
388.00	-3.60
389.00	-3.13
390.00	-1.07
391.00	-2.27
392.00	0.47
393.00	-2.27
394.00	-1.67
395.00	-3.40
396.00	-4.47
397.00	-1.93
398.00	-3.73
399.00	-1.67
400.00	-2.27
401.00	3.47
402.00	-1.13
403.00	-1.60
404.00	-3.40
405.00	-4.07
406.00	-1.00
407.00	-1.13
408.00	-1.53
409.00	0.87
410.00	-0.33
411.00	-2.87
412.00	-2.67
413.00	-0.93
414.00	1.73
415.00	2.33
416.00	0.47
417.00	2.13
418.00	-1.60
419.00	-1.47
420.00	-0.93
421.00	1.93
422.00	0.07
423.00	-5.73
424.00	-2.73
425.00	3.00
426.00	1.27
427.00	-2.27
428.00	-2.53
429.00	-0.60
430.00	0.47
431.00	0.47
432.00	0.73
433.00	-3.27
434.00	-1.80
435.00	-1.13
436.00	-0.73
437.00	1.00
438.00	-1.27
439.00	1.67
440.00	-0.53
441.00	-3.40
442.00	-1.47
443.00	-2.60
444.00	2.27
445.00	-1.53
446.00	-2.73
447.00	2.87
448.00	1.20
449.00	0.40
450.00	-3.80
451.00	-2.07
452.00	1.07
453.00	-2.80
454.00	5.67
455.00	-0.27
456.00	-2.40
457.00	-4.13
458.00	-1.00
459.00	-3.40
460.00	-3.13
461.00	-4.60
462.00	-1.60
463.00	2.07
464.00	-0.73
465.00	-3.00
466.00	-2.67
467.00	-3.27
468.00	-4.40
469.00	-2.60
470.00	2.13
471.00	2.20
472.00	1.67
473.00	0.00
474.00	-2.07
475.00	-0.40
476.00	2.33
477.00	-1.80
478.00	-0.13
479.00	-0.07
480.00	1.27
481.00	1.73
482.00	-1.13
483.00	0.47
484.00	-0.13
485.00	1.07
486.00	-2.13
487.00	-2.87
488.00	0.13
489.00	0.27
490.00	3.33
491.00	2.87
492.00	0.53
493.00	-2.73
494.00	-1.47
495.00	1.13
496.00	1.27
497.00	1.20
498.00	-1.73
499.00	-1.80
500.00	3.60
501.00	0.40
502.00	-0.93
503.00	-2.87
504.00	2.73
505.00	2.33
506.00	-1.33
507.00	-2.80
508.00	-2.27
509.00	0.87
510.00	-0.47
511.00	-1.40
512.00	-1.67
513.00	-0.33
514.00	1.40
515.00	0.67
516.00	-3.00
517.00	-3.20
518.00	0.47
519.00	-2.27
520.00	1.47
521.00	1.67
522.00	-5.13
523.00	-4.93
524.00	0.40
525.00	2.07
526.00	6.53
527.00	-1.87
528.00	-1.60
529.00	-1.47
530.00	-1.80
531.00	-3.07
532.00	-1.73
533.00	2.47
534.00	-0.33
535.00	-2.07
536.00	1.53
537.00	-0.07
538.00	2.33
539.00	-0.87
540.00	-1.00
541.00	-2.53
542.00	0.40
543.00	0.20
544.00	2.33
545.00	0.53
546.00	-3.93
547.00	-2.80
548.00	-1.33
549.00	-0.60
550.00	-2.13
551.00	0.87
552.00	-2.27
553.00	1.67
554.00	-1.53
555.00	-4.20
556.00	-1.40
557.00	-1.07
558.00	-4.27
559.00	-3.93
560.00	-2.47
561.00	-0.80
562.00	-2.80
563.00	-2.33
564.00	-3.00
565.00	-1.67
566.00	0.27
567.00	-1.00
568.00	-5.07
569.00	-3.00
570.00	2.73
571.00	-0.80
572.00	0.87
573.00	-0.67
574.00	-4.93
575.00	-0.40
576.00	1.73
577.00	-0.13
578.00	0.20
579.00	0.33
580.00	-0.07
581.00	2.67
582.00	-2.27
583.00	-1.33
584.00	0.33
585.00	-0.67
586.00	0.20
587.00	1.00
588.00	-5.47
589.00	-4.33
590.00	-0.20
591.00	-2.40
592.00	-2.13
593.00	-2.93
594.00	0.67
595.00	-1.33
596.00	-3.20
597.00	-1.60
598.00	-2.13
599.00	-2.73
600.00	-0.40
601.00	-0.80
602.00	0.33
603.00	-1.60
604.00	-1.80
605.00	1.67
606.00	2.47
607.00	-1.60
608.00	-3.73
609.00	-0.80
610.00	-1.40
611.00	-3.07
612.00	-0.87
613.00	-0.60
614.00	-0.27
615.00	-0.67
616.00	1.87
617.00	2.53
618.00	0.47
619.00	2.33
620.00	2.47
621.00	-0.20
622.00	-1.93
623.00	-3.93
624.00	-2.33
625.00	1.13
626.00	-1.40
627.00	-2.07
628.00	-3.27
629.00	-4.67
630.00	-3.00
631.00	-0.33
632.00	-1.33
633.00	1.07
634.00	3.33
635.00	-0.67
636.00	2.13
637.00	-2.80
638.00	-0.27
639.00	2.07
640.00	3.60
641.00	-2.67
642.00	-3.33
643.00	-1.40
644.00	-2.13
645.00	0.13
646.00	0.93
647.00	1.73
648.00	-0.60
649.00	-1.27
650.00	1.00
651.00	-1.67
652.00	-5.33
653.00	-2.40
654.00	0.87
655.00	0.00
656.00	-3.47
657.00	-1.47
658.00	-2.47
659.00	-0.13
660.00	0.33
661.00	-3.67
662.00	-1.40
663.00	-4.00
664.00	0.13
665.00	3.80
666.00	1.40
667.00	-1.27
668.00	-0.27
669.00	0.33
670.00	-2.27
671.00	-3.33
672.00	-7.13
673.00	-1.27
674.00	-2.40
675.00	-2.20
676.00	-1.53
677.00	1.00
678.00	0.27
679.00	2.33
680.00	4.13
681.00	0.27
682.00	-0.33
683.00	0.33
684.00	1.80
685.00	-4.73
686.00	-2.00
687.00	-1.20
688.00	-2.33
689.00	-3.07
690.00	1.07
691.00	0.87
692.00	1.00
693.00	-0.87
694.00	0.53
695.00	1.40
696.00	-1.47
697.00	-1.73
698.00	-0.47
699.00	-0.67
700.00	3.60
701.00	3.13
702.00	-3.27
703.00	-0.67
704.00	-0.07
705.00	3.53
706.00	1.53
707.00	-2.40
708.00	-1.87
709.00	-1.53
710.00	0.73
711.00	-0.87
712.00	-5.33
713.00	-2.67
714.00	-2.47
715.00	-1.13
716.00	-4.27
717.00	-2.93
718.00	-1.13
719.00	-2.80
720.00	0.27
721.00	0.80
722.00	-0.13
723.00	1.27
724.00	-1.67
725.00	0.33
726.00	-3.93
727.00	-0.20
728.00	-0.33
729.00	-0.33
730.00	-1.07
731.00	-1.80
732.00	-2.07
733.00	0.13
734.00	-2.13
735.00	-1.07
736.00	0.60
737.00	-1.20
738.00	-2.93
739.00	0.13
740.00	-1.00
741.00	-0.20
742.00	-0.47
743.00	0.40
744.00	-1.47
745.00	0.53
746.00	-0.53
747.00	-1.00
748.00	0.73
749.00	-1.00
750.00	-2.73
751.00	-4.07
752.00	-2.13
753.00	-1.80
754.00	-0.60
755.00	0.27
756.00	-1.80
757.00	-3.60
758.00	0.27
759.00	6.13
760.00	2.67
761.00	1.53
762.00	-2.00
763.00	0.87
764.00	-1.20
765.00	-1.00
766.00	-2.00
767.00	-2.53
768.00	-2.33
769.00	-2.47
770.00	-2.87
771.00	-3.27
772.00	1.67
773.00	-2.40
774.00	-2.67
775.00	1.60
776.00	2.27
777.00	-1.00
778.00	-4.53
779.00	-0.93
780.00	1.13
781.00	-0.27
782.00	-2.60
783.00	-3.13
784.00	0.40
785.00	0.13
786.00	1.00
787.00	-1.80
788.00	1.40
789.00	-4.80
790.00	-1.27
791.00	1.33
792.00	-1.53
793.00	1.67
794.00	-0.73
795.00	0.07
796.00	0.60
797.00	2.13
798.00	0.27
799.00	2.13
800.00	2.07
801.00	-1.53
802.00	-2.00
803.00	-2.13
804.00	-1.40
805.00	2.20
806.00	-0.27
807.00	1.40
808.00	2.07
809.00	0.00
810.00	0.80
811.00	-3.80
812.00	-0.67
813.00	1.60
814.00	-2.87
815.00	1.47
816.00	-0.13
817.00	1.20
818.00	-0.87
819.00	-0.13
820.00	1.13
821.00	3.93
822.00	-0.53
823.00	-3.67
824.00	-3.67
825.00	-1.93
826.00	-4.07
827.00	-1.27
828.00	-0.20
829.00	0.87
830.00	-0.67
831.00	-2.80
832.00	0.73
833.00	-0.73
834.00	-1.67
835.00	0.40
836.00	-2.73
837.00	-3.00
838.00	-3.67
839.00	-3.07
840.00	-3.00
841.00	1.07
842.00	1.20
843.00	-2.87
844.00	-0.27
845.00	-2.40
846.00	-2.47
847.00	-3.47
848.00	-1.60
849.00	-3.80
850.00	-3.33
851.00	-5.27
852.00	-3.07
853.00	-3.40
854.00	-1.40
855.00	1.27
856.00	0.67
857.00	-3.07
858.00	2.73
859.00	-1.67
860.00	0.07
861.00	-0.47
862.00	-1.67
863.00	0.13
864.00	-1.73
865.00	-4.60
866.00	-3.67
867.00	2.00
868.00	2.27
869.00	0.60
870.00	-1.40
871.00	0.13
872.00	-5.87
873.00	-1.53
874.00	-1.53
875.00	-1.00
876.00	-1.20
877.00	-2.00
878.00	-1.67
879.00	1.20
880.00	-0.33
881.00	-2.53
882.00	0.47
883.00	-5.00
884.00	-5.40
885.00	-2.13
886.00	-0.73
887.00	0.27
888.00	0.40
889.00	-0.33
890.00	-0.40
891.00	2.40
892.00	0.73
893.00	-1.47
894.00	-0.93
895.00	1.20
896.00	0.93
897.00	-1.67
898.00	-1.20
899.00	0.87
900.00	0.07
901.00	2.60
902.00	0.40
903.00	-1.40
904.00	-0.80
905.00	-1.53
906.00	3.60
907.00	0.53
908.00	0.13
909.00	-0.33
910.00	1.27
911.00	-0.20
912.00	-1.53
913.00	-3.80
914.00	-2.27
915.00	-3.73
916.00	1.67
917.00	-4.27
918.00	-4.80
919.00	-3.00
920.00	-5.13
921.00	-3.47
922.00	-2.13
923.00	0.73
924.00	-1.40
925.00	-2.20
926.00	-1.53
927.00	-5.47
928.00	-2.13
929.00	-0.40
930.00	1.67
931.00	0.40
932.00	-2.93
933.00	-0.07
934.00	-2.20
935.00	-1.87
936.00	-2.33
937.00	-2.27
938.00	-2.13
939.00	-0.73
940.00	0.60
941.00	0.40
942.00	-0.33
943.00	-1.93
944.00	0.67
945.00	5.87
946.00	2.07
947.00	-4.20
948.00	-2.20
949.00	3.07
950.00	2.07
951.00	-1.13
952.00	-0.80
953.00	-2.20
954.00	-0.07
955.00	-0.13
956.00	-1.33
957.00	-4.67
958.00	0.47
959.00	1.80
960.00	-4.27
961.00	-3.67
962.00	3.13
963.00	-0.07
964.00	-0.47
965.00	-2.00
966.00	2.47
967.00	0.33
968.00	-1.40
969.00	-5.40
970.00	-1.40
971.00	-2.53
972.00	2.40
973.00	-0.07
974.00	0.47
975.00	-2.73
976.00	-1.73
977.00	3.20
978.00	4.13
979.00	-1.33
980.00	-1.20
981.00	1.00
982.00	1.67
983.00	-1.53
984.00	-2.07
985.00	1.53
986.00	0.33
987.00	2.53
988.00	2.53
989.00	0.33
990.00	2.00
991.00	-3.27
992.00	0.80
993.00	-2.27
994.00	-2.33
995.00	1.13
996.00	0.53
997.00	2.13
998.00	-1.40
999.00	-3.60
1000.00	-2.27
1001.00	1.27
1002.00	0.67
1003.00	-0.13
1004.00	1.73
1005.00	0.80
1006.00	-1.00
1007.00	2.33
1008.00	2.00
1009.00	1.27
1010.00	1.27
1011.00	-0.67
1012.00	-0.53
1013.00	-0.47
1014.00	-0.07
1015.00	0.73
1016.00	-4.07
1017.00	-5.07
1018.00	-1.93
1019.00	2.07
1020.00	-1.87
1021.00	3.07
1022.00	2.80
1023.00	0.47
1024.00	5.60
1025.00	2.13
1026.00	1.13
1027.00	2.13
1028.00	0.33
1029.00	1.20
1030.00	3.67
1031.00	0.73
1032.00	3.67
1033.00	0.87
1034.00	-3.20
1035.00	0.47
1036.00	4.60
1037.00	0.67
1038.00	-1.93
1039.00	0.07
1040.00	-2.20
1041.00	-0.60
1042.00	1.07
1043.00	-1.00
1044.00	-1.47
1045.00	-1.40
1046.00	-1.47
1047.00	0.73
1048.00	3.07
1049.00	0.07
1050.00	2.60
1051.00	0.60
1052.00	2.27
1053.00	4.20
1054.00	2.47
1055.00	0.93
1056.00	-0.73
1057.00	-1.53
1058.00	-0.73
1059.00	-0.53
1060.00	-1.27
1061.00	1.20
1062.00	-1.33
1063.00	-0.20
1064.00	0.27
1065.00	0.80
1066.00	0.20
1067.00	3.20
1068.00	3.27
1069.00	-1.60
1070.00	-0.67
1071.00	1.13
1072.00	-1.60
1073.00	1.33
1074.00	0.27
1075.00	1.93
1076.00	-0.27
1077.00	-1.40
1078.00	0.53
1079.00	0.80
1080.00	0.53
1081.00	2.60
1082.00	-2.53
1083.00	0.67
1084.00	1.53
1085.00	3.27
1086.00	6.87
1087.00	0.53
1088.00	1.27
1089.00	2.53
1090.00	-2.53
1091.00	-2.80
1092.00	2.13
1093.00	1.80
1094.00	-0.07
1095.00	-0.20
1096.00	-1.13
1097.00	1.07
1098.00	2.47
1099.00	0.47
1100.00	0.60
1101.00	4.53
1102.00	4.67
1103.00	3.53
1104.00	0.53
1105.00	-0.53
1106.00	0.27
1107.00	0.27
1108.00	0.40
1109.00	4.60
1110.00	2.33
1111.00	2.20
1112.00	3.40
1113.00	1.93
1114.00	3.80
1115.00	1.53
1116.00	5.27
1117.00	7.20
1118.00	3.13
1119.00	4.27
1120.00	-0.07
1121.00	1.80
1122.00	3.13
1123.00	4.93
1124.00	8.07
1125.00	8.80
1126.00	10.13
1127.00	6.67
1128.00	8.47
1129.00	13.73
1130.00	12.33
1131.00	8.80
1132.00	13.67
1133.00	20.47
1134.00	34.60
1135.00	75.40
1136.00	150.80
1137.00	293.47
1138.00	462.47
1139.00	697.20
1140.00	945.87
1141.00	1267.80
1142.00	1597.60
1143.00	1944.33
1144.00	2271.93
1145.00	2581.60
1146.00	2908.47
1147.00	3163.40
1148.00	3280.47
1149.00	3370.93
1150.00	3299.27
1151.00	3216.80
1152.00	3057.87
1153.00	2843.67
1154.00	2466.40
1155.00	2168.87
1156.00	1763.00
1157.00	1393.00
1158.00	1019.20
1159.00	716.87
1160.00	470.93
1161.00	313.73
1162.00	196.33
1163.00	117.53
1164.00	76.40
1165.00	38.33
1166.00	27.20
1167.00	21.80
1168.00	15.20
1169.00	13.33
1170.00	10.27
1171.00	8.87
1172.00	9.20
1173.00	7.27
1174.00	5.93
1175.00	4.40
1176.00	7.40
1177.00	9.13
1178.00	9.40
1179.00	4.53
1180.00	7.13
1181.00	6.07
1182.00	7.07
1183.00	5.60
1184.00	4.33
1185.00	6.20
1186.00	8.87
1187.00	4.47
1188.00	3.40
1189.00	5.07
1190.00	3.33
1191.00	2.60
1192.00	1.73
1193.00	-0.33
1194.00	2.07
1195.00	2.53
1196.00	-0.53
1197.00	1.27
1198.00	0.20
1199.00	-0.53
1200.00	1.80
1201.00	-0.20
1202.00	0.80
1203.00	3.47
1204.00	0.67
1205.00	-0.33
1206.00	1.67
1207.00	3.40
1208.00	-1.47
1209.00	0.73
1210.00	4.13
1211.00	5.40
1212.00	-0.07
1213.00	-1.93
1214.00	2.40
1215.00	1.87
1216.00	6.47
1217.00	1.40
1218.00	0.40
1219.00	3.33
1220.00	0.67
1221.00	0.27
1222.00	1.33
1223.00	1.87
1224.00	0.13
1225.00	4.27
1226.00	1.20
1227.00	-0.60
1228.00	-0.93
1229.00	1.07
1230.00	2.53
1231.00	1.40
1232.00	-1.27
1233.00	0.60
1234.00	-1.80
1235.00	-2.80
1236.00	-0.13
1237.00	2.00
1238.00	1.07
1239.00	8.40
1240.00	1.33
1241.00	-0.33
1242.00	0.40
1243.00	-1.67
1244.00	0.53
1245.00	1.67
1246.00	-1.47
1247.00	-0.60
1248.00	-0.67
1249.00	-0.27
1250.00	-2.87
1251.00	-2.07
1252.00	-1.73
1253.00	-1.53
1254.00	-0.53
1255.00	-1.93
1256.00	0.47
1257.00	2.13
1258.00	-4.60
1259.00	-1.60
1260.00	2.20
1261.00	1.27
1262.00	-1.47
1263.00	-2.73
1264.00	-1.07
1265.00	2.27
1266.00	-0.33
1267.00	2.27
1268.00	-2.13
1269.00	-1.13
1270.00	3.80
1271.00	3.13
1272.00	-1.60
1273.00	2.27
1274.00	-2.00
1275.00	-0.93
1276.00	1.47
1277.00	3.27
1278.00	1.60
1279.00	-0.80
1280.00	-1.60
1281.00	-4.20
1282.00	0.13
1283.00	-1.33
1284.00	-3.60
1285.00	1.20
1286.00	1.93
1287.00	1.73
1288.00	-4.07
1289.00	-1.33
1290.00	0.67
1291.00	0.20
1292.00	0.73
1293.00	1.00
1294.00	6.13
1295.00	1.53
1296.00	-2.20
1297.00	-4.87
1298.00	-0.27
1299.00	-0.80
1300.00	0.40
1301.00	-0.40
1302.00	-0.53
1303.00	-0.33
1304.00	-2.73
1305.00	-5.13
1306.00	1.73
1307.00	1.27
1308.00	-0.13
1309.00	-1.27
1310.00	0.33
1311.00	-0.40
1312.00	-1.53
1313.00	-0.73
1314.00	0.53
1315.00	1.80
1316.00	-0.07
1317.00	-6.00
1318.00	-5.07
1319.00	-2.73
1320.00	-1.93
1321.00	-1.00
1322.00	-3.73
1323.00	-2.33
1324.00	-1.53
1325.00	-1.40
1326.00	-0.47
1327.00	-2.40
1328.00	-0.07
1329.00	-0.33
1330.00	4.20
1331.00	0.00
1332.00	-0.13
1333.00	-0.13
1334.00	-0.27
1335.00	4.53
1336.00	-0.53
1337.00	-1.00
1338.00	-0.13
1339.00	1.13
1340.00	-1.53
1341.00	3.07
1342.00	-2.87
1343.00	-1.47
1344.00	-1.87
1345.00	-1.73
1346.00	0.20
1347.00	0.93
1348.00	-2.07
1349.00	0.27
1350.00	1.07
1351.00	-1.27
1352.00	-1.67
1353.00	-0.80
1354.00	3.40
1355.00	2.27
1356.00	-1.73
1357.00	-1.47
1358.00	3.60
1359.00	0.20
1360.00	-1.93
1361.00	0.47
1362.00	-1.40
1363.00	-1.73
1364.00	-4.60
1365.00	-3.67
1366.00	-2.80
1367.00	-2.47
1368.00	-3.00
1369.00	-0.67
1370.00	-2.67
1371.00	1.60
1372.00	-2.47
1373.00	0.87
1374.00	-3.73
1375.00	1.93
1376.00	-0.67
1377.00	0.07
1378.00	1.47
1379.00	-1.67
1380.00	-1.93
1381.00	1.13
1382.00	-1.13
1383.00	0.00
1384.00	0.67
1385.00	-2.27
1386.00	-1.00
1387.00	-1.27
1388.00	-3.00
1389.00	-2.00
1390.00	-0.13
1391.00	-2.53
1392.00	1.20
1393.00	-0.80
1394.00	-1.27
1395.00	-2.60
1396.00	-0.47
1397.00	-0.53
1398.00	-1.80
1399.00	-1.40
1400.00	1.20
1401.00	-2.00
1402.00	-1.40
1403.00	-0.07
1404.00	6.67
1405.00	3.07
1406.00	1.40
1407.00	1.00
1408.00	-0.87
1409.00	-2.93
1410.00	2.27
1411.00	-0.33
1412.00	-3.60
1413.00	-2.40
1414.00	1.80
1415.00	-0.67
1416.00	1.80
1417.00	-1.47
1418.00	-0.73
1419.00	0.73
1420.00	1.00
1421.00	0.67
1422.00	4.73
1423.00	1.47
1424.00	1.47
1425.00	-0.13
1426.00	1.93
1427.00	0.60
1428.00	-1.87
1429.00	0.60
1430.00	0.93
1431.00	0.40
1432.00	-2.93
1433.00	-1.27
1434.00	2.07
1435.00	0.80
1436.00	1.33
1437.00	0.33
1438.00	-0.73
1439.00	-1.80
1440.00	4.67
1441.00	0.67
1442.00	-2.73
1443.00	-0.60
1444.00	1.60
1445.00	3.93
1446.00	2.20
1447.00	-0.60
1448.00	0.40
1449.00	-2.40
1450.00	-3.07
1451.00	0.20
1452.00	0.80
1453.00	1.00
1454.00	-2.07
1455.00	-1.93
1456.00	0.80
1457.00	0.33
1458.00	-1.20
1459.00	-0.53
1460.00	-1.93
1461.00	-1.33
1462.00	-0.60
1463.00	-2.33
1464.00	0.87
1465.00	0.33
1466.00	0.80
1467.00	0.80
1468.00	0.87
1469.00	2.00
1470.00	-0.67
1471.00	2.07
1472.00	-0.13
1473.00	-0.60
1474.00	-0.47
1475.00	-2.53
1476.00	4.60
1477.00	2.60
1478.00	-0.13
1479.00	-0.20
1480.00	2.07
1481.00	-3.80
1482.00	-1.33
1483.00	-0.87
1484.00	-1.00
1485.00	-0.40
1486.00	-1.60
1487.00	-1.20
1488.00	-0.60
1489.00	1.27
1490.00	0.33
1491.00	-1.40
1492.00	-2.53
1493.00	-0.60
1494.00	0.60
1495.00	-3.20
1496.00	-1.60
1497.00	-1.47
1498.00	4.27
1499.00	0.40
1500.00	-2.67
1501.00	-3.33
1502.00	1.80
1503.00	0.33
1504.00	-3.33
1505.00	-3.40
1506.00	-3.07
1507.00	-0.53
1508.00	-2.00
1509.00	0.47
1510.00	0.87
1511.00	-0.33
1512.00	-2.00
1513.00	1.87
1514.00	2.67
1515.00	-0.33
1516.00	0.13
1517.00	0.20
1518.00	1.00
1519.00	-3.20
1520.00	0.60
1521.00	-1.20
1522.00	-1.20
1523.00	-0.07
1524.00	1.20
1525.00	1.27
1526.00	1.87
1527.00	-0.20
1528.00	-0.33
1529.00	-3.40
1530.00	2.33
1531.00	2.87
1532.00	-0.93
1533.00	-1.13
1534.00	-1.73
1535.00	0.33
1536.00	3.13
1537.00	0.93
1538.00	2.33
1539.00	0.00
1540.00	-0.20
1541.00	-0.20
1542.00	1.60
1543.00	2.20
1544.00	1.13
1545.00	0.27
1546.00	0.07
1547.00	-1.13
1548.00	-0.67
1549.00	-2.53
1550.00	0.13
1551.00	-2.47
1552.00	-1.33
1553.00	1.60
1554.00	0.27
1555.00	-0.80
1556.00	0.33
1557.00	-0.40
1558.00	-0.93
1559.00	-0.33
1560.00	-2.87
1561.00	-1.07
1562.00	4.80
1563.00	3.87
1564.00	2.33
1565.00	0.33
1566.00	0.47
1567.00	-0.67
1568.00	-0.47
1569.00	0.13
1570.00	-4.13
1571.00	-3.80
1572.00	-2.60
1573.00	-0.40
1574.00	-0.67
1575.00	4.47
1576.00	0.80
1577.00	0.20
1578.00	0.13
1579.00	-0.07
1580.00	-2.00
1581.00	-3.73
1582.00	-0.40
1583.00	0.40
1584.00	-1.40
1585.00	1.53
1586.00	-1.33
1587.00	-1.47
1588.00	-0.87
1589.00	2.00
1590.00	0.87
1591.00	0.93
1592.00	-0.27
1593.00	0.47
1594.00	-1.27
1595.00	1.27
1596.00	-0.53
1597.00	0.67
1598.00	-1.53
1599.00	1.40
1600.00	1.33
1601.00	-1.00
1602.00	-2.80
1603.00	0.27
1604.00	-2.60
1605.00	-1.73
1606.00	1.20
1607.00	1.80
1608.00	0.93
1609.00	2.00
1610.00	-0.73
1611.00	-0.80
1612.00	0.93
1613.00	1.93
1614.00	0.93
1615.00	2.00
1616.00	-2.13
1617.00	-1.00
1618.00	0.40
1619.00	0.33
1620.00	1.93
1621.00	-0.73
1622.00	1.93
1623.00	2.93
1624.00	0.20
1625.00	-1.60
1626.00	-0.07
1627.00	-2.27
1628.00	-4.00
1629.00	-0.53
1630.00	-1.07
1631.00	0.13
1632.00	0.93
1633.00	1.20
1634.00	0.20
1635.00	-0.20
1636.00	2.87
1637.00	0.60
1638.00	-1.67
1639.00	-0.80
1640.00	-1.40
1641.00	0.53
1642.00	-5.27
1643.00	-1.60
1644.00	-0.87
1645.00	-3.73
1646.00	-4.33
1647.00	-1.53
1648.00	-2.53
1649.00	-2.07
1650.00	-0.33
1651.00	-2.40
1652.00	-1.33
1653.00	-2.20
1654.00	-0.07
1655.00	0.07
1656.00	-1.27
1657.00	-2.33
1658.00	-0.73
1659.00	-4.60
1660.00	-2.53
1661.00	1.00
1662.00	1.60
1663.00	-0.13
1664.00	2.07
1665.00	-2.13
1666.00	1.47
1667.00	3.13
1668.00	2.67
1669.00	1.80
1670.00	1.67
1671.00	-2.40
1672.00	-0.27
1673.00	-0.93
1674.00	2.20
1675.00	0.60
1676.00	0.73
1677.00	0.27
1678.00	1.13
1679.00	-1.33
1680.00	-1.47
1681.00	1.13
1682.00	1.33
1683.00	-2.33
1684.00	-1.67
1685.00	-1.20
1686.00	-3.13
1687.00	-2.47
1688.00	0.53
1689.00	-1.60
1690.00	2.47
1691.00	-1.07
1692.00	-1.73
1693.00	-2.13
1694.00	0.60
1695.00	-0.87
1696.00	-3.53
1697.00	-0.93
1698.00	-1.40
1699.00	-2.13
1700.00	1.33
1701.00	0.07
1702.00	3.93
1703.00	0.60
1704.00	1.00
1705.00	3.80
1706.00	1.67
1707.00	-2.67
1708.00	-1.20
1709.00	-0.67
1710.00	-1.87
1711.00	0.07
1712.00	-1.27
1713.00	-2.53
1714.00	0.47
1715.00	3.13
1716.00	1.47
1717.00	0.60
1718.00	-1.40
1719.00	-0.93
1720.00	-2.00
1721.00	0.13
1722.00	-1.47
1723.00	-3.33
1724.00	-3.47
1725.00	-1.00
1726.00	-2.00
1727.00	6.60
1728.00	2.33
1729.00	0.07
1730.00	0.20
1731.00	-0.87
1732.00	0.53
1733.00	-1.67
1734.00	-4.67
1735.00	-0.47
1736.00	1.13
1737.00	-2.13
1738.00	-2.13
1739.00	1.67
1740.00	-0.73
1741.00	2.00
1742.00	-1.13
1743.00	1.27
1744.00	-5.07
1745.00	-3.27
1746.00	-2.73
1747.00	-2.27
1748.00	-0.60
1749.00	-2.80
1750.00	-1.67
1751.00	-0.33
1752.00	-3.67
1753.00	1.47
1754.00	-0.27
1755.00	-0.40
1756.00	2.47
1757.00	1.47
1758.00	-0.40
1759.00	1.07
1760.00	0.27
1761.00	1.40
1762.00	2.47
1763.00	-1.93
1764.00	0.73
1765.00	-1.93
1766.00	-0.40
1767.00	1.00
1768.00	1.33
1769.00	-4.00
1770.00	-3.93
1771.00	2.40
1772.00	1.80
1773.00	-1.73
1774.00	-0.20
1775.00	0.87
1776.00	0.07
1777.00	-0.27
1778.00	-0.53
1779.00	0.27
1780.00	-0.13
1781.00	-0.60
1782.00	-1.80
1783.00	-4.07
1784.00	-4.87
1785.00	-1.33
1786.00	-1.87
1787.00	-3.20
1788.00	-2.80
1789.00	-0.40
1790.00	-0.33
1791.00	-1.00
1792.00	3.53
1793.00	2.80
1794.00	1.40
1795.00	-1.47
1796.00	6.73
1797.00	0.80
1798.00	-0.13
1799.00	0.53
1800.00	-0.20
1801.00	-1.00
1802.00	0.60
1803.00	1.87
1804.00	-2.00
1805.00	-2.07
1806.00	2.87
1807.00	-0.13
1808.00	2.73
1809.00	0.87
1810.00	-3.80
1811.00	-1.93
1812.00	-2.60
1813.00	0.00
1814.00	1.47
1815.00	0.60
1816.00	-0.33
1817.00	0.07
1818.00	3.27
1819.00	0.60
1820.00	2.00
1821.00	0.73
1822.00	0.13
1823.00	-3.60
1824.00	-4.87
1825.00	-2.60
1826.00	-1.40
1827.00	-1.73
1828.00	-3.07
1829.00	-0.93
1830.00	0.80
1831.00	0.00
1832.00	-1.80
1833.00	-1.13
1834.00	-0.53
1835.00	2.47
1836.00	-1.33
1837.00	-2.20
1838.00	-3.07
1839.00	3.93
1840.00	0.33
1841.00	0.93
1842.00	-0.67
1843.00	-4.53
1844.00	-4.53
1845.00	-5.67
1846.00	0.93
1847.00	1.53
1848.00	-0.80
1849.00	-1.00
1850.00	1.40
1851.00	4.93
1852.00	1.33
1853.00	0.93
1854.00	1.40
1855.00	-0.20
1856.00	0.60
1857.00	3.40
1858.00	-0.53
1859.00	3.00
1860.00	0.87
1861.00	-4.53
1862.00	0.87
1863.00	3.07
1864.00	-2.20
1865.00	0.07
1866.00	-0.13
1867.00	1.60
1868.00	-0.73
1869.00	-0.73
1870.00	-1.07
1871.00	0.67
1872.00	-1.53
1873.00	1.33
1874.00	0.20
1875.00	-0.73
1876.00	-1.27
1877.00	0.93
1878.00	-0.53
1879.00	-1.73
1880.00	0.60
1881.00	0.40
1882.00	-0.13
1883.00	-0.07
1884.00	0.07
1885.00	-2.33
1886.00	-5.07
1887.00	-1.80
1888.00	-1.13
1889.00	-0.20
1890.00	1.20
1891.00	5.53
1892.00	-0.67
1893.00	-0.13
1894.00	-0.27
1895.00	-2.93
1896.00	-0.27
1897.00	0.27
1898.00	-0.20
1899.00	-1.40
1900.00	0.07
1901.00	0.13
1902.00	0.73
1903.00	1.00
1904.00	-0.07
1905.00	3.27
1906.00	1.60
1907.00	4.27
1908.00	-1.73
1909.00	2.07
1910.00	-4.07
1911.00	-0.87
1912.00	-2.00
1913.00	-2.47
1914.00	0.47
1915.00	-0.93
1916.00	-1.07
1917.00	2.67
1918.00	2.60
1919.00	1.00
1920.00	0.27
1921.00	-2.47
1922.00	-3.93
1923.00	-2.53
1924.00	-1.20
1925.00	-3.20
1926.00	-2.53
1927.00	0.60
1928.00	0.47
1929.00	-2.80
1930.00	-1.87
1931.00	-1.20
1932.00	-1.53
1933.00	-3.13
1934.00	-4.13
1935.00	-2.20
1936.00	0.27
1937.00	0.47
1938.00	-1.20
1939.00	0.40
1940.00	0.80
1941.00	0.67
1942.00	0.87
1943.00	-2.27
1944.00	-0.07
1945.00	-1.13
1946.00	-0.33
1947.00	1.47
1948.00	0.93
1949.00	2.67
1950.00	0.87
1951.00	-0.73
1952.00	2.07
1953.00	0.40
1954.00	-1.07
1955.00	-4.20
1956.00	-4.20
1957.00	-0.47
1958.00	3.40
1959.00	-0.07
1960.00	-1.53
1961.00	-3.20
1962.00	-4.87
1963.00	0.67
1964.00	-3.13
1965.00	0.60
1966.00	2.87
1967.00	-1.33
1968.00	-0.87
1969.00	-1.27
1970.00	-2.07
1971.00	-1.53
1972.00	-3.60
1973.00	-3.20
1974.00	1.27
1975.00	-2.80
1976.00	-1.07
1977.00	-3.47
1978.00	0.67
1979.00	0.53
1980.00	0.13
1981.00	-1.67
1982.00	-3.00
1983.00	-2.87
1984.00	-5.00
1985.00	-2.73
1986.00	-3.27
1987.00	-1.27
1988.00	-2.93
1989.00	-2.13
1990.00	0.73
1991.00	1.80
1992.00	0.07
1993.00	-2.60
1994.00	-1.73
1995.00	-1.20
1996.00	-0.87
1997.00	-5.13
1998.00	-2.60
1999.00	-4.13
2000.00	-1.33
2001.00	0.00
2002.00	-2.00
2003.00	-1.73
2004.00	-2.00
2005.00	-0.87
2006.00	-1.27
2007.00	-0.40
2008.00	-1.07
2009.00	0.00
2010.00	-2.67
2011.00	-1.80
2012.00	-0.80
2013.00	2.60
2014.00	-0.60
2015.00	1.33
2016.00	-1.40
2017.00	-0.33
2018.00	1.20
2019.00	0.20
2020.00	-1.20
2021.00	-0.80
2022.00	-2.40
2023.00	-1.87
2024.00	-3.47
2025.00	-2.60
2026.00	0.33
2027.00	-1.07
2028.00	-4.87
2029.00	-4.87
2030.00	-3.93
2031.00	-1.33
2032.00	0.67
2033.00	-0.13
2034.00	0.07
2035.00	0.40
2036.00	-3.13
2037.00	-2.47
2038.00	0.20
2039.00	1.80
2040.00	-1.13
2041.00	-0.40
2042.00	-0.87
2043.00	1.80
2044.00	1.87
2045.00	0.73
2046.00	0.60
2047.00	-2.13
>>>>>End Processed Spectral Data<<<<<
