0.00	0.00
1.00	-2.93
2.00	-4.40
3.00	-4.80
4.00	-3.00
5.00	0.60
6.00	-3.07
7.00	-0.93
8.00	2.33
9.00	1.47
10.00	-0.87
11.00	0.27
12.00	-0.80
13.00	-0.87
14.00	-2.07
15.00	-0.13
16.00	1.40
17.00	-3.27
18.00	-0.93
19.00	-2.53
20.00	-3.73
21.00	-1.20
22.00	1.27
23.00	1.93
24.00	0.67
25.00	-3.80
26.00	-2.80
27.00	-2.33
28.00	-0.40
29.00	0.80
30.00	-2.33
31.00	-1.93
32.00	3.33
33.00	-0.47
34.00	1.40
35.00	0.07
36.00	0.67
37.00	0.07
38.00	1.40
39.00	-2.40
40.00	-3.07
41.00	2.47
42.00	-2.20
43.00	-4.47
44.00	-2.13
45.00	-2.87
46.00	-2.47
47.00	-1.13
48.00	-2.13
49.00	-1.67
50.00	0.20
51.00	-3.00
52.00	-0.27
53.00	-3.13
54.00	-1.40
55.00	-3.60
56.00	-4.13
57.00	-3.53
58.00	-1.67
59.00	-0.47
60.00	-2.20
61.00	-3.20
62.00	-0.60
63.00	-0.93
64.00	-1.00
65.00	-1.40
66.00	-0.27
67.00	-4.47
68.00	-1.53
69.00	-0.40
70.00	0.40
71.00	-0.67
72.00	-0.60
73.00	-1.60
74.00	-4.93
75.00	-0.33
76.00	1.93
77.00	-3.07
78.00	-0.07
79.00	-1.33
80.00	-2.73
81.00	-0.33
82.00	-4.47
83.00	-1.40
84.00	-1.07
85.00	-4.80
86.00	-0.40
87.00	-1.20
88.00	-2.53
89.00	-1.07
90.00	-2.20
91.00	-1.47
92.00	-3.73
93.00	-0.93
94.00	-2.07
95.00	-0.27
96.00	2.33
97.00	2.93
98.00	-1.47
99.00	2.27
100.00	1.80
101.00	1.93
102.00	-2.13
103.00	-1.07
104.00	0.00
105.00	-3.13
106.00	-1.00
107.00	0.87
108.00	-0.47
109.00	-0.87
110.00	-1.00
111.00	-3.80
112.00	-3.47
113.00	-1.80
114.00	0.33
115.00	-2.60
116.00	-2.20
117.00	6.27
118.00	3.60
119.00	4.80
120.00	0.33
121.00	2.40
122.00	-1.53
123.00	0.53
124.00	-0.47
125.00	1.40
126.00	-1.80
127.00	1.53
128.00	-1.73
129.00	0.93
130.00	-2.13
131.00	-0.07
132.00	0.93
133.00	0.00
134.00	-2.87
135.00	-2.20
136.00	-3.27
137.00	-1.27
138.00	-0.93
139.00	-1.27
140.00	-2.73
141.00	-4.47
142.00	-2.07
143.00	-2.87
144.00	0.67
145.00	2.20
146.00	-0.53
147.00	-1.27
148.00	-2.07
149.00	-4.53
150.00	-0.53
151.00	-3.07
152.00	-4.60
153.00	-3.47
154.00	-1.00
155.00	-1.87
156.00	-1.93
157.00	-0.60
158.00	-3.27
159.00	-2.53
160.00	-5.20
161.00	-3.40
162.00	-3.40
163.00	-1.53
164.00	-2.80
165.00	-2.53
166.00	-1.73
167.00	-2.13
168.00	-1.87
169.00	-2.67
170.00	-1.73
171.00	-0.87
172.00	-3.13
173.00	0.93
174.00	-0.27
175.00	-0.87
176.00	-0.87
177.00	-0.60
178.00	-2.40
179.00	-0.13
180.00	-3.00
181.00	-1.13
182.00	1.33
183.00	-0.40
184.00	-2.80
185.00	-1.00
186.00	0.27
187.00	-1.73
188.00	0.07
189.00	-0.07
190.00	-3.47
191.00	0.47
192.00	-3.47
193.00	-0.27
194.00	-0.33
195.00	-3.87
196.00	-1.20
197.00	1.60
198.00	-0.67
199.00	-1.33
200.00	-0.07
201.00	-0.33
202.00	0.07
203.00	-2.47
204.00	-1.80
205.00	-0.40
206.00	-2.40
207.00	-2.07
208.00	-0.60
209.00	-1.20
210.00	-0.27
211.00	0.60
212.00	3.20
213.00	-1.73
214.00	-4.27
215.00	-1.27
216.00	-1.33
217.00	1.80
218.00	-0.47
219.00	0.33
220.00	0.87
221.00	0.07
222.00	-0.87
223.00	-5.00
224.00	3.07
225.00	-0.67
226.00	-3.67
227.00	0.47
228.00	-1.20
229.00	3.33
230.00	0.20
231.00	-1.13
232.00	1.47
233.00	0.47
234.00	0.93
235.00	-1.67
236.00	-1.93
237.00	1.60
238.00	1.67
239.00	0.93
240.00	2.07
241.00	-1.13
242.00	-1.93
243.00	0.20
244.00	-2.47
245.00	-2.13
246.00	-5.80
247.00	-2.87
248.00	-1.53
249.00	2.27
250.00	0.13
251.00	-2.80
252.00	-1.27
253.00	2.80
254.00	-1.33
255.00	-4.07
256.00	-0.27
257.00	-2.87
258.00	0.33
259.00	-2.00
260.00	-3.07
261.00	-2.33
262.00	0.53
263.00	-1.87
264.00	2.80
265.00	0.60
266.00	-0.47
267.00	-1.40
268.00	-0.20
269.00	-0.33
270.00	0.93
271.00	1.20
272.00	-0.27
273.00	0.20
274.00	1.20
275.00	1.13
276.00	0.73
277.00	-0.07
278.00	0.73
279.00	4.27
280.00	1.80
281.00	0.53
282.00	-2.80
283.00	-4.73
284.00	-0.47
285.00	-0.93
286.00	0.20
287.00	0.53
288.00	-1.13
289.00	0.13
290.00	-1.87
291.00	0.73
292.00	3.27
293.00	-0.80
294.00	-3.73
295.00	-2.40
296.00	0.33
297.00	-1.53
298.00	0.07
299.00	-0.20
300.00	-2.33
301.00	-0.67
302.00	1.20
303.00	0.53
304.00	2.80
305.00	1.07
306.00	-1.73
307.00	-5.47
308.00	1.00
309.00	-1.40
310.00	0.93
311.00	-4.00
312.00	-2.73
313.00	1.47
314.00	-2.07
315.00	-6.40
316.00	-3.80
317.00	1.00
318.00	0.27
319.00	4.13
320.00	-3.07
321.00	-0.87
322.00	-2.60
323.00	-0.20
324.00	0.53
325.00	0.33
326.00	0.27
327.00	-2.27
328.00	1.13
329.00	-2.20
330.00	-5.07
331.00	-2.33
332.00	0.93
333.00	0.60
334.00	1.40
335.00	0.93
336.00	-0.27
337.00	0.67
338.00	-0.07
339.00	-3.27
340.00	-1.67
341.00	0.53
342.00	0.47
343.00	-0.13
344.00	-1.27
345.00	-3.80
346.00	-1.60
347.00	-2.53
348.00	-2.87
349.00	-5.33
350.00	-5.07
351.00	-2.73
352.00	-2.60
353.00	-1.47
354.00	-1.73
355.00	-1.33
356.00	-1.13
357.00	3.07
358.00	-0.60
359.00	-2.07
360.00	-0.93
361.00	0.20
362.00	-0.13
363.00	-3.87
364.00	-0.33
365.00	-0.07
366.00	-0.93
367.00	-2.33
368.00	-2.00
369.00	-1.67
370.00	-0.40
371.00	1.27
372.00	-0.27
373.00	0.60
374.00	0.13
375.00	-0.87
376.00	-1.67
377.00	0.13
378.00	-2.80
379.00	-2.20
380.00	-1.67
381.00	-1.33
382.00	-3.33
383.00	-2.67
384.00	-2.20
385.00	0.93
386.00	-0.80
387.00	-0.33
388.00	-0.60
389.00	-2.13
390.00	-2.07
391.00	-0.27
392.00	2.47
393.00	-0.27
394.00	2.33
395.00	-4.40
396.00	-2.47
397.00	-3.93
398.00	-1.73
399.00	2.33
400.00	0.73
401.00	0.47
402.00	-2.13
403.00	-6.60
404.00	-2.40
405.00	0.93
406.00	2.00
407.00	-0.13
408.00	0.47
409.00	1.87
410.00	-0.33
411.00	1.13
412.00	-3.67
413.00	-4.93
414.00	-0.27
415.00	-0.67
416.00	1.47
417.00	0.13
418.00	-0.60
419.00	1.53
420.00	-1.93
421.00	-1.07
422.00	2.07
423.00	-1.73
424.00	-0.73
425.00	-2.00
426.00	-0.73
427.00	1.73
428.00	-0.53
429.00	-0.60
430.00	1.47
431.00	-2.53
432.00	-0.27
433.00	-1.27
434.00	-1.80
435.00	-0.13
436.00	0.27
437.00	-1.00
438.00	-0.27
439.00	-1.33
440.00	-0.53
441.00	1.60
442.00	-1.47
443.00	1.40
444.00	0.27
445.00	-2.53
446.00	-0.73
447.00	-1.13
448.00	0.20
449.00	-2.60
450.00	-0.80
451.00	-1.07
452.00	0.07
453.00	1.20
454.00	0.67
455.00	1.73
456.00	0.60
457.00	-1.13
458.00	-2.00
459.00	-1.40
460.00	2.87
461.00	-3.60
462.00	-2.60
463.00	-1.93
464.00	1.27
465.00	0.00
466.00	0.33
467.00	-1.27
468.00	-3.40
469.00	-1.60
470.00	-0.87
471.00	1.20
472.00	-1.33
473.00	-2.00
474.00	-2.07
475.00	-0.40
476.00	-0.67
477.00	-1.80
478.00	-0.13
479.00	0.93
480.00	1.27
481.00	-0.27
482.00	-4.13
483.00	-0.53
484.00	-1.13
485.00	1.07
486.00	-2.13
487.00	-0.87
488.00	1.13
489.00	-2.73
490.00	0.33
491.00	0.87
492.00	2.53
493.00	2.27
494.00	2.53
495.00	0.13
496.00	0.27
497.00	0.20
498.00	2.27
499.00	0.20
500.00	-2.40
501.00	-1.60
502.00	0.07
503.00	0.13
504.00	-1.27
505.00	2.33
506.00	-3.33
507.00	-0.80
508.00	-1.27
509.00	-0.13
510.00	4.53
511.00	-1.40
512.00	-2.67
513.00	-1.33
514.00	-1.60
515.00	-1.33
516.00	0.00
517.00	-1.20
518.00	-1.53
519.00	-3.27
520.00	1.47
521.00	1.67
522.00	-2.13
523.00	0.07
524.00	0.40
525.00	-0.93
526.00	-2.47
527.00	2.13
528.00	-0.60
529.00	-2.47
530.00	-0.80
531.00	-4.07
532.00	0.27
533.00	0.47
534.00	-2.33
535.00	-2.07
536.00	0.53
537.00	2.93
538.00	4.33
539.00	0.13
540.00	-2.00
541.00	-0.53
542.00	2.40
543.00	1.20
544.00	-0.67
545.00	-2.47
546.00	-0.93
547.00	-2.80
548.00	-3.33
549.00	-2.60
550.00	-3.13
551.00	-1.13
552.00	-2.27
553.00	-1.33
554.00	-1.53
555.00	-2.20
556.00	0.60
557.00	-3.07
558.00	0.73
559.00	-0.93
560.00	-2.47
561.00	-1.80
562.00	0.20
563.00	1.67
564.00	2.00
565.00	0.33
566.00	-0.73
567.00	-3.00
568.00	-2.07
569.00	-1.00
570.00	-3.27
571.00	-0.80
572.00	1.87
573.00	-2.67
574.00	3.07
575.00	-2.40
576.00	-1.27
577.00	-0.13
578.00	1.20
579.00	1.33
580.00	0.93
581.00	-0.33
582.00	-0.27
583.00	-0.33
584.00	0.33
585.00	1.33
586.00	-0.80
587.00	1.00
588.00	-1.47
589.00	-2.33
590.00	0.80
591.00	-1.40
592.00	-1.13
593.00	-2.93
594.00	-2.33
595.00	-1.33
596.00	-0.20
597.00	-0.60
598.00	-1.13
599.00	3.27
600.00	-1.40
601.00	-1.80
602.00	-0.67
603.00	3.40
604.00	2.20
605.00	-1.33
606.00	-1.53
607.00	0.40
608.00	2.27
609.00	2.20
610.00	1.60
611.00	-2.07
612.00	-3.87
613.00	0.40
614.00	2.73
615.00	1.33
616.00	1.87
617.00	0.53
618.00	0.47
619.00	2.33
620.00	5.47
621.00	0.80
622.00	-1.93
623.00	0.07
624.00	2.67
625.00	0.13
626.00	-1.40
627.00	-0.07
628.00	0.73
629.00	-0.67
630.00	1.00
631.00	0.67
632.00	-1.33
633.00	-0.93
634.00	5.33
635.00	3.33
636.00	-0.87
637.00	-0.80
638.00	0.73
639.00	2.07
640.00	1.60
641.00	-0.67
642.00	-0.33
643.00	-2.40
644.00	-2.13
645.00	-0.87
646.00	-1.07
647.00	4.73
648.00	2.40
649.00	0.73
650.00	4.00
651.00	-2.67
652.00	-0.33
653.00	-1.40
654.00	-0.13
655.00	0.00
656.00	-0.47
657.00	-4.47
658.00	-1.47
659.00	-1.13
660.00	1.33
661.00	2.33
662.00	1.60
663.00	-4.00
664.00	-3.87
665.00	3.80
666.00	3.40
667.00	2.73
668.00	-2.27
669.00	0.33
670.00	1.73
671.00	1.67
672.00	-3.13
673.00	-0.27
674.00	-0.40
675.00	-2.20
676.00	-3.53
677.00	-4.00
678.00	3.27
679.00	1.33
680.00	0.13
681.00	0.27
682.00	-2.33
683.00	-3.67
684.00	-4.20
685.00	-3.73
686.00	0.00
687.00	-1.20
688.00	0.67
689.00	2.93
690.00	1.07
691.00	-2.13
692.00	0.00
693.00	-2.87
694.00	-0.47
695.00	-0.60
696.00	0.53
697.00	0.27
698.00	0.53
699.00	-1.67
700.00	-3.40
701.00	-0.87
702.00	1.73
703.00	-0.67
704.00	-0.07
705.00	0.53
706.00	-0.47
707.00	-0.40
708.00	-0.87
709.00	2.47
710.00	1.73
711.00	-0.87
712.00	-3.33
713.00	0.33
714.00	-0.47
715.00	-3.13
716.00	-3.27
717.00	1.07
718.00	0.87
719.00	0.20
720.00	0.27
721.00	0.80
722.00	-1.13
723.00	0.27
724.00	1.33
725.00	1.33
726.00	-1.93
727.00	-1.20
728.00	-0.33
729.00	-1.33
730.00	-2.07
731.00	0.20
732.00	-2.07
733.00	-0.87
734.00	-1.13
735.00	-0.07
736.00	-2.40
737.00	-2.20
738.00	0.07
739.00	-0.87
740.00	1.00
741.00	1.80
742.00	-1.47
743.00	-1.60
744.00	0.53
745.00	-0.47
746.00	0.47
747.00	-1.00
748.00	2.73
749.00	3.00
750.00	-1.73
751.00	-0.07
752.00	-1.13
753.00	-1.80
754.00	1.40
755.00	-0.73
756.00	2.20
757.00	0.40
758.00	-0.73
759.00	-2.87
760.00	-0.33
761.00	5.53
762.00	4.00
763.00	0.87
764.00	-0.20
765.00	2.00
766.00	2.00
767.00	1.47
768.00	1.67
769.00	-0.47
770.00	-2.87
771.00	-1.27
772.00	1.67
773.00	0.60
774.00	0.33
775.00	-0.40
776.00	0.27
777.00	-4.00
778.00	-3.53
779.00	-2.93
780.00	-2.87
781.00	0.73
782.00	0.40
783.00	2.87
784.00	1.40
785.00	-0.87
786.00	-1.00
787.00	5.20
788.00	0.40
789.00	2.20
790.00	-0.27
791.00	0.33
792.00	-1.53
793.00	1.67
794.00	-0.73
795.00	0.07
796.00	0.60
797.00	0.13
798.00	-1.73
799.00	2.13
800.00	-0.93
801.00	1.47
802.00	1.00
803.00	-1.13
804.00	-0.40
805.00	-1.80
806.00	-0.27
807.00	-1.60
808.00	2.07
809.00	1.00
810.00	1.80
811.00	1.20
812.00	-1.67
813.00	-2.40
814.00	2.13
815.00	0.47
816.00	-2.13
817.00	0.20
818.00	4.13
819.00	-0.13
820.00	0.13
821.00	1.93
822.00	4.47
823.00	0.33
824.00	1.33
825.00	1.07
826.00	-0.07
827.00	-1.27
828.00	0.80
829.00	0.87
830.00	2.33
831.00	0.20
832.00	-3.27
833.00	-2.73
834.00	-2.67
835.00	2.40
836.00	0.27
837.00	-1.00
838.00	-4.67
839.00	-1.07
840.00	-2.00
841.00	-0.93
842.00	-1.80
843.00	2.13
844.00	1.73
845.00	-2.40
846.00	-0.47
847.00	-0.47
848.00	-0.60
849.00	-1.80
850.00	-2.33
851.00	0.73
852.00	-0.07
853.00	-2.40
854.00	1.60
855.00	-1.73
856.00	-5.33
857.00	-3.07
858.00	2.73
859.00	0.33
860.00	-4.93
861.00	-3.47
862.00	-1.67
863.00	-0.87
864.00	0.27
865.00	-0.60
866.00	-2.67
867.00	1.00
868.00	0.27
869.00	-2.40
870.00	-3.40
871.00	-1.87
872.00	-0.87
873.00	-1.53
874.00	-0.53
875.00	-2.00
876.00	-0.20
877.00	2.00
878.00	-1.67
879.00	-2.80
880.00	-1.33
881.00	2.47
882.00	-1.53
883.00	-3.00
884.00	0.60
885.00	1.87
886.00	4.27
887.00	-0.73
888.00	-2.60
889.00	-1.33
890.00	-0.40
891.00	-1.60
892.00	-0.27
893.00	-0.47
894.00	1.07
895.00	-1.80
896.00	-0.07
897.00	-0.67
898.00	0.80
899.00	1.87
900.00	2.07
901.00	-0.40
902.00	-0.60
903.00	-2.40
904.00	-0.80
905.00	0.47
906.00	-0.40
907.00	-0.47
908.00	-3.87
909.00	2.67
910.00	0.27
911.00	-2.20
912.00	-0.53
913.00	0.20
914.00	2.73
915.00	0.27
916.00	3.67
917.00	-2.27
918.00	-2.80
919.00	-1.00
920.00	-5.13
921.00	-3.47
922.00	3.87
923.00	-1.27
924.00	-5.40
925.00	-0.20
926.00	-1.53
927.00	-3.47
928.00	-1.13
929.00	0.60
930.00	-4.33
931.00	2.40
932.00	-1.93
933.00	-1.07
934.00	-0.20
935.00	2.13
936.00	2.67
937.00	0.73
938.00	-0.13
939.00	2.27
940.00	-0.40
941.00	-1.60
942.00	-1.33
943.00	0.07
944.00	-2.33
945.00	2.87
946.00	-1.93
947.00	-3.20
948.00	-1.20
949.00	-1.93
950.00	-0.93
951.00	-3.13
952.00	-3.80
953.00	-1.20
954.00	-0.07
955.00	1.87
956.00	-1.33
957.00	-1.67
958.00	4.47
959.00	-0.20
960.00	1.73
961.00	3.33
962.00	1.13
963.00	-1.07
964.00	2.53
965.00	0.00
966.00	0.47
967.00	1.33
968.00	-1.40
969.00	-0.40
970.00	-2.40
971.00	1.47
972.00	0.40
973.00	-2.07
974.00	-3.53
975.00	-1.73
976.00	-0.73
977.00	-2.80
978.00	-0.87
979.00	-2.33
980.00	-1.20
981.00	3.00
982.00	3.67
983.00	0.47
984.00	-3.07
985.00	-3.47
986.00	-6.67
987.00	-4.47
988.00	1.53
989.00	-1.67
990.00	-3.00
991.00	-0.27
992.00	-2.20
993.00	-0.27
994.00	-1.33
995.00	1.13
996.00	-1.47
997.00	-0.87
998.00	-2.40
999.00	1.40
1000.00	-2.27
1001.00	-2.73
1002.00	1.67
1003.00	1.87
1004.00	0.73
1005.00	2.80
1006.00	0.00
1007.00	0.33
1008.00	-3.00
1009.00	-4.73
1010.00	0.27
1011.00	-1.67
1012.00	-1.53
1013.00	-0.47
1014.00	1.93
1015.00	0.73
1016.00	0.93
1017.00	-0.07
1018.00	-0.93
1019.00	1.07
1020.00	0.13
1021.00	-0.93
1022.00	-2.20
1023.00	0.47
1024.00	9.60
1025.00	1.13
1026.00	0.13
1027.00	-2.87
1028.00	-0.67
1029.00	3.20
1030.00	-0.33
1031.00	-1.27
1032.00	-3.33
1033.00	-1.13
1034.00	1.80
1035.00	-1.53
1036.00	0.60
1037.00	0.67
1038.00	1.07
1039.00	-0.93
1040.00	-0.20
1041.00	2.40
1042.00	-0.93
1043.00	1.00
1044.00	0.53
1045.00	0.60
1046.00	2.53
1047.00	-1.27
1048.00	-3.93
1049.00	0.07
1050.00	-0.40
1051.00	0.60
1052.00	0.27
1053.00	6.20
1054.00	2.47
1055.00	2.93
1056.00	-0.73
1057.00	-3.53
1058.00	-1.73
1059.00	-2.53
1060.00	0.73
1061.00	0.20
1062.00	0.67
1063.00	2.80
1064.00	4.27
1065.00	0.80
1066.00	1.20
1067.00	4.20
1068.00	-0.73
1069.00	-1.60
1070.00	0.33
1071.00	-1.87
1072.00	-0.60
1073.00	2.33
1074.00	1.27
1075.00	-0.07
1076.00	0.73
1077.00	0.60
1078.00	1.53
1079.00	2.80
1080.00	-0.47
1081.00	-0.40
1082.00	2.47
1083.00	-0.33
1084.00	-1.47
1085.00	4.27
1086.00	2.87
1087.00	-0.47
1088.00	0.27
1089.00	-0.47
1090.00	-0.53
1091.00	-0.80
1092.00	-0.87
1093.00	-1.20
1094.00	-1.07
1095.00	1.80
1096.00	1.87
1097.00	0.07
1098.00	1.47
1099.00	1.47
1100.00	-0.40
1101.00	2.53
1102.00	3.67
1103.00	0.53
1104.00	0.53
1105.00	0.47
1106.00	1.27
1107.00	2.27
1108.00	0.40
1109.00	0.60
1110.00	0.33
1111.00	3.20
1112.00	2.40
1113.00	1.93
1114.00	3.80
1115.00	4.53
1116.00	6.27
1117.00	3.20
1118.00	3.13
1119.00	6.27
1120.00	-0.07
1121.00	1.80
1122.00	0.13
1123.00	2.93
1124.00	3.07
1125.00	5.80
1126.00	4.13
1127.00	-2.33
1128.00	-1.53
1129.00	-0.27
1130.00	0.33
1131.00	1.80
1132.00	2.67
1133.00	1.47
1134.00	3.60
1135.00	2.40
1136.00	0.80
1137.00	2.47
1138.00	5.47
1139.00	8.20
1140.00	2.87
1141.00	6.80
1142.00	4.60
1143.00	4.33
1144.00	2.93
1145.00	6.60
1146.00	3.47
1147.00	6.40
1148.00	3.47
1149.00	2.93
1150.00	6.27
1151.00	3.80
1152.00	4.87
1153.00	9.67
1154.00	8.40
1155.00	1.87
1156.00	8.00
1157.00	5.00
1158.00	10.20
1159.00	8.87
1160.00	5.93
1161.00	9.73
1162.00	15.33
1163.00	41.53
1164.00	99.40
1165.00	195.33
1166.00	354.20
1167.00	527.80
1168.00	779.20
1169.00	1080.33
1170.00	1398.27
1171.00	1748.87
1172.00	2133.20
1173.00	2411.27
1174.00	2775.93
1175.00	3058.40
1176.00	3296.40
1177.00	3402.13
1178.00	3465.40
1179.00	3390.53
1180.00	3265.13
1181.00	3096.07
1182.00	2799.07
1183.00	2475.60
1184.00	2129.33
1185.00	1680.20
1186.00	1271.87
1187.00	947.47
1188.00	652.40
1189.00	440.07
1190.00	295.33
1191.00	172.60
1192.00	100.73
1193.00	61.67
1194.00	34.07
1195.00	25.53
1196.00	19.47
1197.00	12.27
1198.00	10.20
1199.00	14.47
1200.00	11.80
1201.00	8.80
1202.00	10.80
1203.00	7.47
1204.00	7.67
1205.00	7.67
1206.00	2.67
1207.00	7.40
1208.00	8.53
1209.00	6.73
1210.00	9.13
1211.00	11.40
1212.00	6.93
1213.00	5.07
1214.00	6.40
1215.00	7.87
1216.00	7.47
1217.00	3.40
1218.00	1.40
1219.00	3.33
1220.00	2.67
1221.00	3.27
1222.00	4.33
1223.00	2.87
1224.00	2.13
1225.00	3.27
1226.00	1.20
1227.00	-0.60
1228.00	4.07
1229.00	2.07
1230.00	3.53
1231.00	-1.60
1232.00	-1.27
1233.00	0.60
1234.00	-1.80
1235.00	-2.80
1236.00	0.87
1237.00	3.00
1238.00	2.07
1239.00	7.40
1240.00	0.33
1241.00	-0.33
1242.00	0.40
1243.00	0.33
1244.00	3.53
1245.00	3.67
1246.00	-0.47
1247.00	2.40
1248.00	1.33
1249.00	0.73
1250.00	6.13
1251.00	1.93
1252.00	2.27
1253.00	2.47
1254.00	0.47
1255.00	3.07
1256.00	0.47
1257.00	0.13
1258.00	-0.60
1259.00	-0.60
1260.00	3.20
1261.00	1.27
1262.00	-1.47
1263.00	-1.73
1264.00	0.93
1265.00	2.27
1266.00	-0.33
1267.00	1.27
1268.00	1.87
1269.00	0.87
1270.00	-0.20
1271.00	-2.87
1272.00	-5.60
1273.00	3.27
1274.00	-1.00
1275.00	-0.93
1276.00	1.47
1277.00	0.27
1278.00	0.60
1279.00	-2.80
1280.00	3.40
1281.00	-0.20
1282.00	-0.87
1283.00	-0.33
1284.00	-2.60
1285.00	0.20
1286.00	2.93
1287.00	-1.27
1288.00	1.93
1289.00	-1.33
1290.00	-1.33
1291.00	-0.80
1292.00	-3.27
1293.00	1.00
1294.00	3.13
1295.00	-0.47
1296.00	0.80
1297.00	-1.87
1298.00	-2.27
1299.00	1.20
1300.00	0.40
1301.00	-0.40
1302.00	0.47
1303.00	-0.33
1304.00	-0.73
1305.00	-1.13
1306.00	-1.27
1307.00	-0.73
1308.00	-0.13
1309.00	4.73
1310.00	-0.67
1311.00	0.60
1312.00	0.47
1313.00	4.27
1314.00	-0.47
1315.00	3.80
1316.00	2.93
1317.00	3.00
1318.00	-0.07
1319.00	-2.73
1320.00	0.07
1321.00	3.00
1322.00	-0.73
1323.00	-0.33
1324.00	0.47
1325.00	-2.40
1326.00	-2.47
1327.00	-4.40
1328.00	-1.07
1329.00	-1.33
1330.00	4.20
1331.00	2.00
1332.00	2.87
1333.00	1.87
1334.00	0.73
1335.00	-1.47
1336.00	-1.53
1337.00	0.00
1338.00	0.87
1339.00	0.13
1340.00	1.47
1341.00	2.07
1342.00	3.13
1343.00	1.53
1344.00	0.13
1345.00	0.27
1346.00	-1.80
1347.00	0.93
1348.00	1.93
1349.00	1.27
1350.00	0.07
1351.00	-0.27
1352.00	3.33
1353.00	2.20
1354.00	0.40
1355.00	4.27
1356.00	-3.73
1357.00	-4.47
1358.00	1.60
1359.00	0.20
1360.00	-2.93
1361.00	-1.53
1362.00	3.60
1363.00	2.27
1364.00	-2.60
1365.00	0.33
1366.00	-0.80
1367.00	0.53
1368.00	-1.00
1369.00	-1.67
1370.00	1.33
1371.00	-1.40
1372.00	-1.47
1373.00	1.87
1374.00	-2.73
1375.00	-1.07
1376.00	0.33
1377.00	2.07
1378.00	1.47
1379.00	-0.67
1380.00	0.07
1381.00	1.13
1382.00	-1.13
1383.00	2.00
1384.00	0.67
1385.00	2.73
1386.00	3.00
1387.00	-0.27
1388.00	-1.00
1389.00	1.00
1390.00	-1.13
1391.00	-3.53
1392.00	-2.80
1393.00	2.20
1394.00	1.73
1395.00	0.40
1396.00	-0.47
1397.00	-0.53
1398.00	-0.80
1399.00	2.60
1400.00	4.20
1401.00	1.00
1402.00	1.60
1403.00	-0.07
1404.00	2.67
1405.00	0.07
1406.00	2.40
1407.00	2.00
1408.00	-1.87
1409.00	-3.93
1410.00	-0.73
1411.00	-0.33
1412.00	-3.60
1413.00	-3.40
1414.00	-3.20
1415.00	-0.67
1416.00	3.80
1417.00	-1.47
1418.00	2.27
1419.00	0.73
1420.00	-1.00
1421.00	-0.33
1422.00	1.73
1423.00	1.47
1424.00	1.47
1425.00	-4.13
1426.00	-1.07
1427.00	-0.40
1428.00	-2.87
1429.00	-2.40
1430.00	-2.07
1431.00	-3.60
1432.00	-3.93
1433.00	-3.27
1434.00	1.07
1435.00	-0.20
1436.00	0.33
1437.00	-3.67
1438.00	2.27
1439.00	2.20
1440.00	2.67
1441.00	0.67
1442.00	-1.73
1443.00	-3.60
1444.00	-1.40
1445.00	3.93
1446.00	1.20
1447.00	-1.60
1448.00	3.40
1449.00	0.60
1450.00	-1.07
1451.00	0.20
1452.00	-1.20
1453.00	0.00
1454.00	0.93
1455.00	-1.93
1456.00	-4.20
1457.00	-2.67
1458.00	-0.20
1459.00	-1.53
1460.00	-2.93
1461.00	-8.33
1462.00	-4.60
1463.00	1.67
1464.00	0.87
1465.00	1.33
1466.00	0.80
1467.00	-1.20
1468.00	-3.13
1469.00	-1.00
1470.00	-2.67
1471.00	0.07
1472.00	1.87
1473.00	1.40
1474.00	3.53
1475.00	-1.53
1476.00	8.60
1477.00	1.60
1478.00	-4.13
1479.00	2.80
1480.00	1.07
1481.00	-0.80
1482.00	0.67
1483.00	-1.87
1484.00	-3.00
1485.00	0.60
1486.00	-1.60
1487.00	-2.20
1488.00	-1.60
1489.00	2.27
1490.00	-1.67
1491.00	0.60
1492.00	0.47
1493.00	-0.60
1494.00	-0.40
1495.00	-2.20
1496.00	-0.60
1497.00	0.53
1498.00	6.27
1499.00	0.40
1500.00	1.33
1501.00	2.67
1502.00	2.80
1503.00	-0.67
1504.00	0.67
1505.00	-2.40
1506.00	-5.07
1507.00	-2.53
1508.00	-1.00
1509.00	1.47
1510.00	-0.13
1511.00	-0.33
1512.00	0.00
1513.00	-1.13
1514.00	-4.33
1515.00	-4.33
1516.00	0.13
1517.00	3.20
1518.00	-2.00
1519.00	0.80
1520.00	2.60
1521.00	0.80
1522.00	-0.20
1523.00	0.93
1524.00	0.20
1525.00	0.27
1526.00	2.87
1527.00	1.80
1528.00	-2.33
1529.00	-3.40
1530.00	-0.67
1531.00	-4.13
1532.00	0.07
1533.00	-1.13
1534.00	0.27
1535.00	-2.67
1536.00	3.13
1537.00	2.93
1538.00	4.33
1539.00	0.00
1540.00	-2.20
1541.00	-0.20
1542.00	-0.40
1543.00	-2.80
1544.00	-0.87
1545.00	1.27
1546.00	-2.93
1547.00	0.87
1548.00	-0.67
1549.00	-1.53
1550.00	-0.87
1551.00	0.53
1552.00	0.67
1553.00	-1.40
1554.00	1.27
1555.00	-1.80
1556.00	2.33
1557.00	0.60
1558.00	-0.93
1559.00	0.67
1560.00	-1.87
1561.00	-0.07
1562.00	-2.20
1563.00	0.87
1564.00	-1.67
1565.00	-0.67
1566.00	0.47
1567.00	-1.67
1568.00	-0.47
1569.00	2.13
1570.00	-2.13
1571.00	-2.80
1572.00	-1.60
1573.00	-0.40
1574.00	-1.67
1575.00	-3.53
1576.00	-2.20
1577.00	-1.80
1578.00	1.13
1579.00	2.93
1580.00	3.00
1581.00	1.27
1582.00	1.60
1583.00	-2.60
1584.00	-1.40
1585.00	-0.47
1586.00	-3.33
1587.00	-2.47
1588.00	1.13
1589.00	-1.00
1590.00	-1.13
1591.00	-3.07
1592.00	-3.27
1593.00	1.47
1594.00	1.73
1595.00	-0.73
1596.00	0.47
1597.00	0.67
1598.00	1.47
1599.00	0.40
1600.00	-1.67
1601.00	-3.00
1602.00	-3.80
1603.00	-3.73
1604.00	-1.60
1605.00	-1.73
1606.00	1.20
1607.00	-0.20
1608.00	-0.07
1609.00	-1.00
1610.00	-3.73
1611.00	-0.80
1612.00	-1.07
1613.00	-0.07
1614.00	-1.07
1615.00	0.00
1616.00	-2.13
1617.00	0.00
1618.00	2.40
1619.00	0.33
1620.00	-1.07
1621.00	-2.73
1622.00	-5.07
1623.00	0.93
1624.00	-0.80
1625.00	0.40
1626.00	-3.07
1627.00	-1.27
1628.00	-1.00
1629.00	7.47
1630.00	-1.07
1631.00	1.13
1632.00	-0.07
1633.00	-0.80
1634.00	-3.80
1635.00	-0.20
1636.00	2.87
1637.00	1.60
1638.00	-3.67
1639.00	-4.80
1640.00	0.60
1641.00	-0.47
1642.00	-0.27
1643.00	-2.60
1644.00	0.13
1645.00	-2.73
1646.00	2.67
1647.00	0.47
1648.00	-0.53
1649.00	-1.07
1650.00	-2.33
1651.00	-0.40
1652.00	-0.33
1653.00	0.80
1654.00	4.93
1655.00	-0.93
1656.00	0.73
1657.00	-2.33
1658.00	0.27
1659.00	0.40
1660.00	2.47
1661.00	-1.00
1662.00	-4.40
1663.00	-2.13
1664.00	2.07
1665.00	4.87
1666.00	-0.53
1667.00	0.13
1668.00	-0.33
1669.00	1.80
1670.00	2.67
1671.00	-3.40
1672.00	0.73
1673.00	-0.93
1674.00	1.20
1675.00	0.60
1676.00	0.73
1677.00	0.27
1678.00	3.13
1679.00	-1.33
1680.00	-2.47
1681.00	0.13
1682.00	-0.67
1683.00	-4.33
1684.00	-4.67
1685.00	-1.20
1686.00	0.87
1687.00	-3.47
1688.00	-2.47
1689.00	-0.60
1690.00	-0.53
1691.00	-0.07
1692.00	-3.73
1693.00	-0.13
1694.00	3.60
1695.00	4.13
1696.00	-1.53
1697.00	1.07
1698.00	-2.40
1699.00	-2.13
1700.00	-2.67
1701.00	-3.93
1702.00	0.93
1703.00	2.60
1704.00	1.00
1705.00	-1.20
1706.00	-1.33
1707.00	1.33
1708.00	-0.20
1709.00	-0.67
1710.00	2.13
1711.00	1.07
1712.00	0.73
1713.00	2.47
1714.00	0.47
1715.00	2.13
1716.00	0.47
1717.00	1.60
1718.00	2.60
1719.00	-0.93
1720.00	-2.00
1721.00	-0.87
1722.00	-2.47
1723.00	-0.33
1724.00	-3.47
1725.00	-3.00
1726.00	1.00
1727.00	6.60
1728.00	-2.67
1729.00	2.07
1730.00	2.20
1731.00	-3.87
1732.00	3.53
1733.00	-1.67
1734.00	-3.67
1735.00	-0.47
1736.00	0.13
1737.00	-2.13
1738.00	-2.13
1739.00	3.67
1740.00	3.27
1741.00	2.00
1742.00	1.87
1743.00	-1.73
1744.00	-3.07
1745.00	-3.27
1746.00	-1.73
1747.00	0.73
1748.00	0.40
1749.00	-1.80
1750.00	0.33
1751.00	1.67
1752.00	-3.67
1753.00	4.47
1754.00	0.73
1755.00	-2.40
1756.00	-2.53
1757.00	-2.53
1758.00	2.60
1759.00	-0.93
1760.00	-1.73
1761.00	3.40
1762.00	0.47
1763.00	-3.93
1764.00	-4.27
1765.00	0.07
1766.00	0.60
1767.00	-2.00
1768.00	0.33
1769.00	0.00
1770.00	-1.93
1771.00	0.40
1772.00	-1.20
1773.00	-1.73
1774.00	-0.20
1775.00	-2.13
1776.00	-1.93
1777.00	-1.27
1778.00	-0.53
1779.00	-1.73
1780.00	2.87
1781.00	-2.60
1782.00	-1.80
1783.00	0.93
1784.00	-2.87
1785.00	-2.33
1786.00	-4.87
1787.00	-2.20
1788.00	-0.80
1789.00	-2.40
1790.00	-3.33
1791.00	-2.00
1792.00	-1.47
1793.00	0.80
1794.00	1.40
1795.00	-1.47
1796.00	-0.27
1797.00	3.80
1798.00	-2.13
1799.00	-0.47
1800.00	-1.20
1801.00	0.00
1802.00	1.60
1803.00	1.87
1804.00	3.00
1805.00	-2.07
1806.00	1.87
1807.00	-0.13
1808.00	3.73
1809.00	0.87
1810.00	-0.80
1811.00	1.07
1812.00	-1.60
1813.00	-1.00
1814.00	-1.53
1815.00	-4.40
1816.00	-0.33
1817.00	1.07
1818.00	0.27
1819.00	-0.40
1820.00	-1.00
1821.00	-2.27
1822.00	-1.87
1823.00	-4.60
1824.00	-2.87
1825.00	-2.60
1826.00	-2.40
1827.00	-1.73
1828.00	2.93
1829.00	2.07
1830.00	-1.20
1831.00	1.00
1832.00	-1.80
1833.00	-1.13
1834.00	-2.53
1835.00	0.47
1836.00	0.67
1837.00	0.80
1838.00	-1.07
1839.00	3.93
1840.00	-0.67
1841.00	1.93
1842.00	1.33
1843.00	1.47
1844.00	-1.53
1845.00	1.33
1846.00	-1.07
1847.00	2.53
1848.00	2.20
1849.00	1.00
1850.00	-0.60
1851.00	-2.07
1852.00	1.33
1853.00	-2.07
1854.00	-0.60
1855.00	0.80
1856.00	-2.40
1857.00	0.40
1858.00	0.47
1859.00	2.00
1860.00	-0.13
1861.00	-2.53
1862.00	1.87
1863.00	3.07
1864.00	0.80
1865.00	0.07
1866.00	0.87
1867.00	-0.40
1868.00	1.27
1869.00	0.27
1870.00	2.93
1871.00	-0.33
1872.00	-0.53
1873.00	-0.67
1874.00	0.20
1875.00	-0.73
1876.00	-3.27
1877.00	-2.07
1878.00	1.47
1879.00	4.27
1880.00	-0.40
1881.00	2.40
1882.00	0.87
1883.00	-0.07
1884.00	1.07
1885.00	-2.33
1886.00	1.93
1887.00	0.20
1888.00	-4.13
1889.00	0.80
1890.00	-0.80
1891.00	8.53
1892.00	0.33
1893.00	0.87
1894.00	1.73
1895.00	6.07
1896.00	6.73
1897.00	1.27
1898.00	-0.20
1899.00	-2.40
1900.00	2.07
1901.00	1.13
1902.00	-1.27
1903.00	-3.00
1904.00	-2.07
1905.00	0.27
1906.00	0.60
1907.00	-1.73
1908.00	1.27
1909.00	4.07
1910.00	-0.07
1911.00	-1.87
1912.00	0.00
1913.00	-1.47
1914.00	0.47
1915.00	1.07
1916.00	2.93
1917.00	-0.33
1918.00	-2.40
1919.00	3.00
1920.00	0.27
1921.00	-3.47
1922.00	-3.93
1923.00	-4.53
1924.00	-3.20
1925.00	-0.20
1926.00	0.47
1927.00	-0.40
1928.00	-0.53
1929.00	-1.80
1930.00	-1.87
1931.00	0.80
1932.00	-2.53
1933.00	-2.13
1934.00	-1.13
1935.00	0.80
1936.00	-2.73
1937.00	-2.53
1938.00	-0.20
1939.00	0.40
1940.00	-1.20
1941.00	-2.33
1942.00	-2.13
1943.00	-1.27
1944.00	-2.07
1945.00	-0.13
1946.00	-3.33
1947.00	2.47
1948.00	1.93
1949.00	7.67
1950.00	-0.13
1951.00	4.27
1952.00	-0.93
1953.00	-5.60
1954.00	-4.07
1955.00	-1.20
1956.00	-0.20
1957.00	0.53
1958.00	-2.60
1959.00	-2.07
1960.00	-0.53
1961.00	-0.20
1962.00	1.13
1963.00	3.67
1964.00	2.87
1965.00	2.60
1966.00	0.87
1967.00	0.67
1968.00	-0.87
1969.00	-1.27
1970.00	1.93
1971.00	-1.53
1972.00	-0.60
1973.00	-1.20
1974.00	-1.73
1975.00	-0.80
1976.00	1.93
1977.00	0.53
1978.00	-2.33
1979.00	-2.47
1980.00	2.13
1981.00	-0.67
1982.00	-1.00
1983.00	1.13
1984.00	-1.00
1985.00	-0.73
1986.00	-0.27
1987.00	0.73
1988.00	-0.93
1989.00	-4.13
1990.00	-1.27
1991.00	0.80
1992.00	2.07
1993.00	-1.60
1994.00	0.27
1995.00	0.80
1996.00	0.13
1997.00	-2.13
1998.00	-0.60
1999.00	-4.13
2000.00	-0.33
2001.00	-4.00
2002.00	-3.00
2003.00	0.27
2004.00	-1.00
2005.00	0.13
2006.00	-0.27
2007.00	-1.40
2008.00	-2.07
2009.00	1.00
2010.00	-0.67
2011.00	1.20
2012.00	0.20
2013.00	-0.40
2014.00	-1.60
2015.00	0.33
2016.00	3.60
2017.00	0.67
2018.00	-0.80
2019.00	0.20
2020.00	0.80
2021.00	1.20
2022.00	-2.40
2023.00	0.13
2024.00	-1.47
2025.00	-0.60
2026.00	4.33
2027.00	0.93
2028.00	-4.87
2029.00	-3.87
2030.00	2.07
2031.00	1.67
2032.00	1.67
2033.00	2.87
2034.00	1.07
2035.00	2.40
2036.00	-1.13
2037.00	1.53
2038.00	-0.80
2039.00	-2.20
2040.00	-2.13
2041.00	1.60
2042.00	-1.87
2043.00	0.80
2044.00	2.87
2045.00	0.73
2046.00	-0.40
2047.00	-1.13
>>>>>End Processed Spectral Data<<<<<
