0.00	0.00
1.00	-1.20
2.00	-0.33
3.00	0.73
4.00	0.27
5.00	0.33
6.00	-0.53
7.00	-0.80
8.00	0.67
9.00	-0.73
10.00	0.20
11.00	0.40
12.00	-0.93
13.00	-0.07
14.00	-0.93
15.00	-0.80
16.00	-0.47
17.00	-1.13
18.00	-0.53
19.00	-0.33
20.00	1.07
21.00	0.53
22.00	1.07
23.00	-1.53
24.00	0.93
25.00	1.67
26.00	2.93
27.00	3.27
28.00	1.87
29.00	2.20
30.00	2.00
31.00	2.47
32.00	4.00
33.00	1.80
34.00	2.13
35.00	3.53
36.00	3.73
37.00	2.33
38.00	3.60
39.00	2.07
40.00	2.80
41.00	3.47
42.00	2.73
43.00	2.67
44.00	3.67
45.00	2.67
46.00	3.40
47.00	1.40
48.00	1.87
49.00	3.40
50.00	3.67
51.00	3.53
52.00	2.53
53.00	2.47
54.00	3.20
55.00	3.47
56.00	4.07
57.00	2.87
58.00	1.47
59.00	2.87
60.00	2.40
61.00	1.87
62.00	2.33
63.00	2.60
64.00	3.13
65.00	3.60
66.00	4.00
67.00	3.33
68.00	3.07
69.00	2.40
70.00	2.73
71.00	3.93
72.00	3.67
73.00	3.40
74.00	3.33
75.00	4.53
76.00	3.40
77.00	4.73
78.00	3.93
79.00	3.73
80.00	4.20
81.00	3.27
82.00	4.00
83.00	4.73
84.00	4.27
85.00	3.13
86.00	3.73
87.00	4.60
88.00	5.07
89.00	3.47
90.00	3.87
91.00	4.20
92.00	5.00
93.00	4.73
94.00	3.87
95.00	4.20
96.00	3.93
97.00	4.60
98.00	4.07
99.00	5.07
100.00	4.33
101.00	4.80
102.00	5.20
103.00	4.40
104.00	4.33
105.00	5.47
106.00	5.40
107.00	6.07
108.00	4.13
109.00	4.93
110.00	4.20
111.00	4.53
112.00	5.00
113.00	4.67
114.00	4.67
115.00	6.00
116.00	3.80
117.00	4.67
118.00	4.40
119.00	5.53
120.00	5.47
121.00	5.60
122.00	6.27
123.00	5.00
124.00	4.33
125.00	5.60
126.00	7.47
127.00	7.20
128.00	7.93
129.00	7.33
130.00	5.67
131.00	6.67
132.00	7.60
133.00	6.73
134.00	7.27
135.00	7.20
136.00	7.80
137.00	7.67
138.00	8.20
139.00	8.53
140.00	8.40
141.00	8.87
142.00	9.47
143.00	9.27
144.00	10.40
145.00	10.73
146.00	10.20
147.00	11.07
148.00	9.13
149.00	9.40
150.00	11.13
151.00	11.13
152.00	11.47
153.00	12.80
154.00	11.40
155.00	13.73
156.00	12.40
157.00	14.27
158.00	15.07
159.00	15.73
160.00	17.47
161.00	18.00
162.00	16.33
163.00	17.53
164.00	17.40
165.00	19.60
166.00	18.80
167.00	20.07
168.00	18.47
169.00	17.27
170.00	20.40
171.00	22.47
172.00	23.27
173.00	24.60
174.00	29.13
175.00	30.60
176.00	36.53
177.00	38.40
178.00	41.93
179.00	49.87
180.00	54.27
181.00	58.60
182.00	59.67
183.00	71.40
184.00	81.87
185.00	89.13
186.00	99.40
187.00	102.87
188.00	114.20
189.00	118.40
190.00	135.13
191.00	167.33
192.00	201.60
193.00	269.87
194.00	370.33
195.00	609.00
196.00	1718.47
197.00	3970.73
198.00	3971.67
199.00	3970.60
200.00	3969.60
201.00	3970.87
202.00	3970.13
203.00	3969.87
204.00	3970.60
205.00	3200.93
206.00	562.87
207.00	380.00
208.00	273.40
209.00	203.47
210.00	170.73
211.00	142.20
212.00	109.87
213.00	97.80
214.00	80.27
215.00	69.47
216.00	61.60
217.00	56.87
218.00	50.33
219.00	47.20
220.00	42.27
221.00	36.33
222.00	34.20
223.00	33.80
224.00	34.53
225.00	29.47
226.00	31.20
227.00	33.27
228.00	39.27
229.00	50.73
230.00	63.00
231.00	75.87
232.00	96.07
233.00	86.07
234.00	51.13
235.00	28.00
236.00	19.67
237.00	19.47
238.00	17.27
239.00	15.07
240.00	16.87
241.00	16.53
242.00	16.60
243.00	17.80
244.00	16.33
245.00	16.07
246.00	14.07
247.00	14.07
248.00	12.00
249.00	11.20
250.00	10.80
251.00	11.93
252.00	12.60
253.00	10.80
254.00	11.27
255.00	12.47
256.00	14.73
257.00	15.93
258.00	19.40
259.00	19.40
260.00	18.87
261.00	12.80
262.00	11.00
263.00	11.40
264.00	9.80
265.00	10.13
266.00	10.73
267.00	10.67
268.00	13.00
269.00	17.93
270.00	21.60
271.00	28.87
272.00	33.13
273.00	37.53
274.00	34.13
275.00	33.47
276.00	33.53
277.00	37.40
278.00	39.07
279.00	35.87
280.00	26.20
281.00	18.73
282.00	10.80
283.00	10.20
284.00	9.00
285.00	9.40
286.00	8.27
287.00	8.13
288.00	8.40
289.00	7.27
290.00	7.80
291.00	11.40
292.00	13.67
293.00	17.80
294.00	26.13
295.00	30.80
296.00	37.33
297.00	40.27
298.00	28.27
299.00	16.67
300.00	11.53
301.00	9.80
302.00	10.40
303.00	11.13
304.00	11.60
305.00	13.20
306.00	13.13
307.00	12.40
308.00	14.67
309.00	17.00
310.00	26.00
311.00	64.33
312.00	140.53
313.00	234.87
314.00	350.07
315.00	472.40
316.00	582.47
317.00	556.27
318.00	338.47
319.00	94.67
320.00	32.07
321.00	22.20
322.00	16.53
323.00	14.13
324.00	14.40
325.00	16.73
326.00	30.00
327.00	54.60
328.00	84.53
329.00	116.33
330.00	146.20
331.00	161.00
332.00	141.07
333.00	73.13
334.00	26.00
335.00	16.67
336.00	14.53
337.00	12.00
338.00	10.47
339.00	12.60
340.00	11.07
341.00	12.33
342.00	12.27
343.00	12.20
344.00	13.20
345.00	14.93
346.00	14.13
347.00	14.93
348.00	17.80
349.00	18.27
350.00	21.13
351.00	25.07
352.00	33.53
353.00	71.47
354.00	184.73
355.00	441.47
356.00	843.53
357.00	1355.60
358.00	1929.80
359.00	2415.67
360.00	2544.27
361.00	2133.13
362.00	1274.67
363.00	478.60
364.00	136.67
365.00	58.07
366.00	39.27
367.00	30.33
368.00	24.47
369.00	19.67
370.00	18.60
371.00	16.53
372.00	13.87
373.00	14.00
374.00	12.20
375.00	12.20
376.00	10.93
377.00	11.00
378.00	8.93
379.00	9.93
380.00	9.20
381.00	8.27
382.00	8.20
383.00	9.33
384.00	8.40
385.00	8.73
386.00	8.67
387.00	8.07
388.00	6.47
389.00	7.13
390.00	6.47
391.00	6.40
392.00	5.67
393.00	7.60
394.00	6.80
395.00	7.67
396.00	7.20
397.00	6.67
398.00	7.47
399.00	8.33
400.00	7.73
401.00	9.00
402.00	8.00
403.00	7.73
404.00	8.13
405.00	8.27
406.00	7.73
407.00	8.40
408.00	6.87
409.00	6.93
410.00	7.07
411.00	10.53
412.00	14.20
413.00	28.27
414.00	47.60
415.00	70.07
416.00	89.73
417.00	103.73
418.00	92.20
419.00	58.07
420.00	29.87
421.00	15.20
422.00	10.67
423.00	8.93
424.00	9.13
425.00	8.53
426.00	7.93
427.00	9.13
428.00	6.67
429.00	8.07
430.00	7.00
431.00	9.20
432.00	7.73
433.00	6.80
434.00	8.00
435.00	7.40
436.00	7.47
437.00	7.20
438.00	6.60
439.00	7.67
440.00	6.73
441.00	7.27
442.00	7.87
443.00	6.60
444.00	6.67
445.00	7.80
446.00	8.00
447.00	7.73
448.00	8.53
449.00	8.27
450.00	9.53
451.00	8.87
452.00	9.40
453.00	10.47
454.00	11.47
455.00	12.07
456.00	10.53
457.00	10.53
458.00	12.07
459.00	11.73
460.00	11.13
461.00	12.73
462.00	11.80
463.00	12.87
464.00	11.60
465.00	11.73
466.00	12.47
467.00	11.47
468.00	11.53
469.00	11.53
470.00	12.87
471.00	14.60
472.00	16.93
473.00	16.67
474.00	19.13
475.00	18.40
476.00	18.73
477.00	20.47
478.00	19.33
479.00	20.07
480.00	21.00
481.00	22.60
482.00	20.93
483.00	22.00
484.00	24.13
485.00	22.67
486.00	24.07
487.00	24.40
488.00	25.87
489.00	28.13
490.00	31.67
491.00	34.47
492.00	38.60
493.00	48.20
494.00	66.00
495.00	123.47
496.00	438.33
497.00	1255.33
498.00	2629.53
499.00	3963.47
500.00	3972.40
501.00	3971.93
502.00	3971.93
503.00	3972.93
504.00	3971.73
505.00	2366.80
506.00	776.07
507.00	388.73
508.00	192.27
509.00	88.07
510.00	51.93
511.00	43.00
512.00	35.67
513.00	31.60
514.00	29.93
515.00	28.20
516.00	26.07
517.00	23.80
518.00	22.93
519.00	21.53
520.00	21.07
521.00	22.40
522.00	22.07
523.00	22.87
524.00	19.40
525.00	19.40
526.00	19.67
527.00	18.00
528.00	20.00
529.00	20.27
530.00	19.60
531.00	18.67
532.00	19.20
533.00	19.27
534.00	21.53
535.00	20.53
536.00	18.93
537.00	19.27
538.00	19.00
539.00	22.00
540.00	22.40
541.00	21.73
542.00	22.53
543.00	23.47
544.00	20.53
545.00	20.73
546.00	22.40
547.00	19.40
548.00	19.80
549.00	21.40
550.00	20.67
551.00	20.27
552.00	20.47
553.00	19.27
554.00	21.20
555.00	22.07
556.00	20.40
557.00	20.67
558.00	21.33
559.00	20.27
560.00	21.93
561.00	19.73
562.00	19.13
563.00	19.73
564.00	19.73
565.00	18.20
566.00	19.13
567.00	20.67
568.00	22.53
569.00	25.40
570.00	30.20
571.00	29.67
572.00	29.07
573.00	26.33
574.00	23.00
575.00	23.67
576.00	23.13
577.00	23.60
578.00	24.27
579.00	24.93
580.00	27.40
581.00	29.53
582.00	30.07
583.00	30.27
584.00	29.67
585.00	27.07
586.00	26.47
587.00	25.27
588.00	24.40
589.00	26.67
590.00	27.67
591.00	31.73
592.00	32.20
593.00	34.73
594.00	32.47
595.00	31.07
596.00	31.07
597.00	31.27
598.00	30.80
599.00	31.80
600.00	34.07
601.00	34.20
602.00	39.13
603.00	46.93
604.00	65.33
605.00	254.87
606.00	803.33
607.00	1782.00
608.00	2991.60
609.00	3857.33
610.00	3956.47
611.00	3337.67
612.00	2249.00
613.00	1309.13
614.00	684.47
615.00	336.93
616.00	241.73
617.00	269.47
618.00	297.73
619.00	287.67
620.00	208.73
621.00	145.60
622.00	90.47
623.00	56.80
624.00	39.07
625.00	31.73
626.00	28.60
627.00	28.00
628.00	26.20
629.00	25.07
630.00	24.67
631.00	24.13
632.00	26.33
633.00	26.87
634.00	24.33
635.00	23.27
636.00	26.80
637.00	34.73
638.00	51.87
639.00	75.00
640.00	89.67
641.00	91.60
642.00	81.13
643.00	65.13
644.00	47.27
645.00	40.27
646.00	39.73
647.00	44.67
648.00	58.07
649.00	80.27
650.00	107.47
651.00	124.73
652.00	136.27
653.00	118.67
654.00	87.60
655.00	61.73
656.00	45.93
657.00	38.40
658.00	30.73
659.00	27.53
660.00	26.47
661.00	24.53
662.00	24.60
663.00	23.27
664.00	25.13
665.00	28.87
666.00	37.07
667.00	49.33
668.00	61.27
669.00	72.93
670.00	76.00
671.00	82.33
672.00	74.13
673.00	67.80
674.00	58.73
675.00	46.93
676.00	39.40
677.00	39.00
678.00	43.27
679.00	48.13
680.00	50.13
681.00	50.67
682.00	47.13
683.00	40.47
684.00	39.07
685.00	39.60
686.00	45.80
687.00	61.73
688.00	84.53
689.00	119.53
690.00	168.73
691.00	300.27
692.00	1063.20
693.00	3042.47
694.00	3970.60
695.00	3972.60
696.00	3972.33
697.00	3972.20
698.00	3972.13
699.00	3972.27
700.00	3969.87
701.00	2893.47
702.00	772.27
703.00	290.00
704.00	136.73
705.00	82.93
706.00	59.93
707.00	49.40
708.00	42.40
709.00	37.80
710.00	36.13
711.00	31.00
712.00	29.87
713.00	30.00
714.00	30.80
715.00	29.80
716.00	28.67
717.00	28.00
718.00	26.47
719.00	23.07
720.00	23.40
721.00	20.07
722.00	21.47
723.00	20.33
724.00	18.53
725.00	17.20
726.00	17.33
727.00	17.73
728.00	18.07
729.00	19.00
730.00	20.33
731.00	19.20
732.00	17.60
733.00	16.73
734.00	14.73
735.00	17.80
736.00	18.40
737.00	22.07
738.00	26.93
739.00	27.07
740.00	25.53
741.00	21.93
742.00	18.60
743.00	18.13
744.00	16.40
745.00	14.53
746.00	14.40
747.00	19.13
748.00	20.60
749.00	19.80
750.00	18.53
751.00	15.27
752.00	13.87
753.00	13.53
754.00	11.40
755.00	11.20
756.00	12.53
757.00	14.87
758.00	16.07
759.00	16.13
760.00	17.60
761.00	16.87
762.00	17.60
763.00	17.80
764.00	15.93
765.00	17.53
766.00	19.67
767.00	17.67
768.00	14.67
769.00	11.73
770.00	12.27
771.00	11.80
772.00	11.73
773.00	10.33
774.00	11.33
775.00	9.33
776.00	9.87
777.00	10.27
778.00	12.60
779.00	13.73
780.00	14.20
781.00	13.80
782.00	12.07
783.00	12.07
784.00	11.07
785.00	9.93
786.00	10.87
787.00	9.13
788.00	10.00
789.00	10.20
790.00	10.53
791.00	12.00
792.00	11.73
793.00	11.73
794.00	10.80
795.00	12.07
796.00	10.53
797.00	12.07
798.00	13.00
799.00	15.47
800.00	16.13
801.00	16.40
802.00	15.73
803.00	14.20
804.00	13.27
805.00	11.27
806.00	12.20
807.00	13.07
808.00	14.87
809.00	21.47
810.00	24.00
811.00	23.07
812.00	19.60
813.00	16.93
814.00	13.73
815.00	13.07
816.00	10.93
817.00	10.60
818.00	11.40
819.00	10.53
820.00	12.27
821.00	14.53
822.00	14.60
823.00	13.47
824.00	11.93
825.00	10.33
826.00	9.47
827.00	9.27
828.00	8.27
829.00	9.20
830.00	9.40
831.00	10.07
832.00	9.47
833.00	8.20
834.00	9.87
835.00	10.47
836.00	8.80
837.00	9.07
838.00	9.93
839.00	9.33
840.00	10.87
841.00	13.60
842.00	15.67
843.00	18.33
844.00	17.87
845.00	15.13
846.00	12.67
847.00	12.27
848.00	11.07
849.00	11.60
850.00	13.60
851.00	18.40
852.00	27.27
853.00	30.87
854.00	30.07
855.00	24.27
856.00	19.67
857.00	15.87
858.00	13.73
859.00	11.53
860.00	11.27
861.00	9.47
862.00	8.47
863.00	7.60
864.00	9.47
865.00	10.33
866.00	10.27
867.00	10.80
868.00	10.07
869.00	9.67
870.00	9.33
871.00	8.60
872.00	9.20
873.00	7.53
874.00	9.33
875.00	8.80
876.00	8.93
877.00	8.27
878.00	8.00
879.00	8.80
880.00	9.67
881.00	11.27
882.00	11.40
883.00	10.47
884.00	10.47
885.00	11.20
886.00	10.27
887.00	9.33
888.00	8.40
889.00	8.67
890.00	8.40
891.00	6.80
892.00	9.40
893.00	9.53
894.00	10.67
895.00	10.80
896.00	9.33
897.00	10.27
898.00	10.20
899.00	11.80
900.00	9.40
901.00	8.67
902.00	10.93
903.00	9.27
904.00	9.60
905.00	8.13
906.00	9.73
907.00	9.33
908.00	10.67
909.00	10.60
910.00	9.40
911.00	9.80
912.00	10.73
913.00	10.20
914.00	9.07
915.00	9.20
916.00	9.67
917.00	10.93
918.00	11.33
919.00	11.73
920.00	12.33
921.00	13.40
922.00	14.00
923.00	15.07
924.00	15.33
925.00	13.93
926.00	11.53
927.00	10.80
928.00	12.47
929.00	13.40
930.00	13.47
931.00	15.20
932.00	13.20
933.00	11.47
934.00	11.73
935.00	10.00
936.00	10.53
937.00	11.00
938.00	8.53
939.00	9.27
940.00	10.53
941.00	9.93
942.00	9.93
943.00	8.60
944.00	8.00
945.00	9.40
946.00	7.60
947.00	8.13
948.00	8.07
949.00	7.13
950.00	9.60
951.00	8.53
952.00	8.53
953.00	8.40
954.00	8.87
955.00	7.60
956.00	7.87
957.00	8.40
958.00	9.87
959.00	7.13
960.00	8.13
961.00	8.07
962.00	9.47
963.00	7.47
964.00	8.20
965.00	7.27
966.00	6.93
967.00	7.93
968.00	8.47
969.00	9.07
970.00	8.87
971.00	7.73
972.00	7.40
973.00	8.40
974.00	8.73
975.00	9.33
976.00	8.13
977.00	8.53
978.00	8.33
979.00	9.20
980.00	9.53
981.00	9.07
982.00	9.13
983.00	9.87
984.00	10.80
985.00	10.07
986.00	9.60
987.00	10.20
988.00	9.73
989.00	11.27
990.00	11.67
991.00	11.40
992.00	13.27
993.00	14.20
994.00	18.93
995.00	22.80
996.00	24.40
997.00	24.13
998.00	25.80
999.00	25.73
1000.00	26.67
1001.00	28.60
1002.00	32.60
1003.00	43.93
1004.00	60.13
1005.00	103.00
1006.00	543.93
1007.00	2430.00
1008.00	3973.73
1009.00	3972.53
1010.00	3973.00
1011.00	3973.40
1012.00	3973.40
1013.00	3973.13
1014.00	3973.20
1015.00	1758.20
1016.00	943.87
1017.00	520.33
1018.00	262.53
1019.00	129.87
1020.00	73.60
1021.00	49.93
1022.00	37.53
1023.00	31.53
1024.00	26.47
1025.00	22.87
1026.00	19.67
1027.00	19.13
1028.00	16.87
1029.00	15.07
1030.00	13.73
1031.00	13.80
1032.00	12.87
1033.00	11.47
1034.00	11.40
1035.00	10.00
1036.00	11.93
1037.00	13.67
1038.00	15.00
1039.00	15.73
1040.00	13.13
1041.00	12.27
1042.00	14.47
1043.00	12.93
1044.00	11.93
1045.00	9.60
1046.00	9.27
1047.00	9.73
1048.00	9.60
1049.00	9.93
1050.00	10.53
1051.00	13.00
1052.00	14.93
1053.00	14.33
1054.00	11.73
1055.00	10.33
1056.00	10.67
1057.00	9.67
1058.00	8.33
1059.00	7.33
1060.00	10.00
1061.00	7.93
1062.00	8.00
1063.00	8.27
1064.00	10.53
1065.00	9.60
1066.00	8.67
1067.00	9.20
1068.00	8.00
1069.00	8.20
1070.00	8.00
1071.00	8.27
1072.00	8.40
1073.00	7.80
1074.00	9.00
1075.00	8.87
1076.00	8.87
1077.00	8.47
1078.00	8.00
1079.00	7.73
1080.00	7.20
1081.00	6.47
1082.00	7.40
1083.00	6.60
1084.00	7.67
1085.00	7.93
1086.00	7.93
1087.00	8.53
1088.00	7.53
1089.00	9.73
1090.00	10.93
1091.00	10.47
1092.00	11.00
1093.00	11.73
1094.00	15.80
1095.00	17.93
1096.00	46.27
1097.00	226.60
1098.00	667.93
1099.00	1201.47
1100.00	1339.00
1101.00	1028.80
1102.00	700.20
1103.00	678.40
1104.00	930.27
1105.00	1387.80
1106.00	1526.40
1107.00	1245.60
1108.00	800.53
1109.00	556.27
1110.00	403.27
1111.00	287.00
1112.00	171.73
1113.00	97.73
1114.00	51.47
1115.00	29.40
1116.00	21.07
1117.00	16.13
1118.00	13.47
1119.00	12.60
1120.00	8.53
1121.00	7.33
1122.00	7.80
1123.00	7.67
1124.00	8.40
1125.00	8.47
1126.00	7.73
1127.00	8.20
1128.00	7.93
1129.00	7.87
1130.00	5.87
1131.00	7.07
1132.00	8.87
1133.00	10.00
1134.00	9.33
1135.00	9.73
1136.00	9.33
1137.00	8.40
1138.00	8.27
1139.00	8.27
1140.00	8.47
1141.00	9.60
1142.00	11.93
1143.00	9.60
1144.00	7.07
1145.00	8.53
1146.00	7.87
1147.00	8.00
1148.00	9.40
1149.00	8.07
1150.00	6.07
1151.00	5.67
1152.00	7.53
1153.00	5.80
1154.00	4.80
1155.00	5.20
1156.00	3.87
1157.00	5.00
1158.00	5.60
1159.00	6.20
1160.00	6.60
1161.00	5.93
1162.00	5.13
1163.00	5.20
1164.00	6.20
1165.00	5.13
1166.00	5.27
1167.00	6.20
1168.00	6.53
1169.00	5.80
1170.00	5.67
1171.00	6.20
1172.00	5.40
1173.00	4.40
1174.00	6.67
1175.00	8.33
1176.00	14.13
1177.00	17.87
1178.00	18.47
1179.00	17.00
1180.00	14.40
1181.00	13.20
1182.00	11.13
1183.00	10.87
1184.00	11.33
1185.00	9.87
1186.00	9.47
1187.00	7.60
1188.00	7.27
1189.00	8.00
1190.00	6.40
1191.00	6.13
1192.00	4.80
1193.00	5.20
1194.00	6.20
1195.00	5.73
1196.00	5.93
1197.00	7.20
1198.00	8.07
1199.00	6.73
1200.00	5.53
1201.00	5.80
1202.00	6.87
1203.00	7.93
1204.00	7.93
1205.00	8.00
1206.00	6.40
1207.00	5.60
1208.00	4.67
1209.00	3.93
1210.00	5.60
1211.00	6.87
1212.00	5.67
1213.00	4.60
1214.00	6.13
1215.00	5.73
1216.00	6.07
1217.00	6.40
1218.00	8.67
1219.00	7.67
1220.00	6.93
1221.00	6.00
1222.00	3.93
1223.00	4.53
1224.00	4.47
1225.00	4.40
1226.00	5.20
1227.00	4.07
1228.00	3.53
1229.00	3.73
1230.00	5.47
1231.00	5.53
1232.00	5.67
1233.00	4.73
1234.00	4.93
1235.00	5.20
1236.00	5.40
1237.00	5.07
1238.00	5.80
1239.00	5.93
1240.00	4.73
1241.00	5.20
1242.00	5.20
1243.00	2.27
1244.00	4.80
1245.00	5.20
1246.00	4.53
1247.00	3.60
1248.00	3.27
1249.00	4.80
1250.00	3.93
1251.00	3.80
1252.00	4.80
1253.00	3.20
1254.00	4.40
1255.00	3.73
1256.00	3.07
1257.00	4.87
1258.00	4.87
1259.00	6.80
1260.00	4.80
1261.00	5.27
1262.00	4.00
1263.00	4.53
1264.00	3.53
1265.00	2.60
1266.00	3.87
1267.00	3.13
1268.00	3.27
1269.00	2.53
1270.00	4.73
1271.00	4.60
1272.00	2.53
1273.00	3.13
1274.00	3.93
1275.00	3.00
1276.00	2.53
1277.00	3.53
1278.00	4.13
1279.00	4.93
1280.00	3.93
1281.00	3.87
1282.00	4.67
1283.00	5.33
1284.00	4.67
1285.00	3.60
1286.00	2.07
1287.00	3.07
1288.00	3.60
1289.00	4.47
1290.00	7.00
1291.00	9.07
1292.00	13.13
1293.00	11.73
1294.00	8.53
1295.00	6.27
1296.00	7.27
1297.00	6.00
1298.00	3.60
1299.00	3.27
1300.00	2.20
1301.00	2.60
1302.00	3.27
1303.00	4.33
1304.00	2.93
1305.00	2.47
1306.00	3.13
1307.00	2.13
1308.00	2.93
1309.00	2.47
1310.00	3.73
1311.00	2.87
1312.00	3.13
1313.00	3.87
1314.00	3.47
1315.00	1.60
1316.00	2.33
1317.00	3.40
1318.00	4.53
1319.00	2.53
1320.00	2.53
1321.00	4.07
1322.00	4.00
1323.00	2.20
1324.00	2.47
1325.00	3.87
1326.00	3.60
1327.00	3.80
1328.00	5.47
1329.00	4.27
1330.00	3.73
1331.00	2.47
1332.00	1.60
1333.00	2.20
1334.00	2.93
1335.00	3.53
1336.00	3.67
1337.00	3.27
1338.00	2.80
1339.00	2.47
1340.00	2.27
1341.00	3.73
1342.00	3.20
1343.00	2.67
1344.00	3.07
1345.00	3.53
1346.00	2.60
1347.00	4.27
1348.00	3.87
1349.00	4.00
1350.00	4.40
1351.00	3.60
1352.00	3.27
1353.00	1.87
1354.00	4.20
1355.00	3.00
1356.00	2.13
1357.00	2.73
1358.00	3.47
1359.00	3.33
1360.00	2.00
1361.00	2.20
1362.00	2.53
1363.00	2.00
1364.00	3.73
1365.00	3.80
1366.00	5.53
1367.00	4.47
1368.00	6.00
1369.00	23.60
1370.00	42.40
1371.00	55.00
1372.00	42.53
1373.00	27.40
1374.00	20.87
1375.00	17.07
1376.00	14.53
1377.00	9.67
1378.00	7.53
1379.00	5.73
1380.00	5.53
1381.00	5.27
1382.00	4.93
1383.00	5.13
1384.00	4.13
1385.00	3.33
1386.00	3.00
1387.00	3.00
1388.00	2.27
1389.00	2.67
1390.00	2.53
1391.00	3.47
1392.00	8.00
1393.00	11.87
1394.00	15.00
1395.00	15.53
1396.00	10.53
1397.00	8.73
1398.00	7.67
1399.00	5.80
1400.00	4.80
1401.00	4.60
1402.00	4.40
1403.00	3.67
1404.00	3.93
1405.00	4.00
1406.00	2.80
1407.00	4.47
1408.00	2.67
1409.00	3.40
1410.00	2.13
1411.00	2.73
1412.00	2.53
1413.00	3.40
1414.00	3.67
1415.00	3.93
1416.00	4.40
1417.00	3.07
1418.00	3.40
1419.00	3.87
1420.00	4.33
1421.00	3.20
1422.00	3.40
1423.00	4.53
1424.00	4.40
1425.00	4.47
1426.00	4.27
1427.00	3.87
1428.00	5.13
1429.00	9.27
1430.00	13.20
1431.00	14.80
1432.00	10.53
1433.00	8.87
1434.00	9.13
1435.00	7.07
1436.00	7.47
1437.00	5.27
1438.00	4.73
1439.00	6.53
1440.00	9.93
1441.00	12.47
1442.00	13.07
1443.00	10.93
1444.00	10.40
1445.00	9.53
1446.00	9.20
1447.00	11.00
1448.00	14.67
1449.00	16.80
1450.00	17.87
1451.00	17.87
1452.00	18.53
1453.00	20.53
1454.00	25.93
1455.00	38.33
1456.00	144.13
1457.00	1160.80
1458.00	2720.00
1459.00	3973.67
1460.00	3974.67
1461.00	2609.33
1462.00	1774.93
1463.00	1235.27
1464.00	897.00
1465.00	606.47
1466.00	361.80
1467.00	180.80
1468.00	77.73
1469.00	39.53
1470.00	22.67
1471.00	14.60
1472.00	10.80
1473.00	8.20
1474.00	6.93
1475.00	7.27
1476.00	6.20
1477.00	7.13
1478.00	10.87
1479.00	14.73
1480.00	16.33
1481.00	13.93
1482.00	11.47
1483.00	9.53
1484.00	10.07
1485.00	11.73
1486.00	10.80
1487.00	16.07
1488.00	109.87
1489.00	454.47
1490.00	827.07
1491.00	1038.13
1492.00	793.33
1493.00	503.73
1494.00	357.80
1495.00	264.33
1496.00	182.87
1497.00	110.47
1498.00	55.27
1499.00	26.47
1500.00	17.07
1501.00	10.73
1502.00	8.20
1503.00	6.93
1504.00	6.00
1505.00	4.53
1506.00	4.60
1507.00	5.67
1508.00	5.67
1509.00	5.20
1510.00	4.60
1511.00	5.13
1512.00	6.93
1513.00	23.67
1514.00	84.47
1515.00	134.67
1516.00	156.47
1517.00	108.67
1518.00	76.87
1519.00	56.80
1520.00	39.20
1521.00	25.40
1522.00	15.60
1523.00	10.60
1524.00	6.53
1525.00	4.87
1526.00	5.27
1527.00	4.20
1528.00	4.60
1529.00	3.87
1530.00	4.27
1531.00	4.00
1532.00	5.20
1533.00	5.33
1534.00	6.07
1535.00	5.73
1536.00	5.53
1537.00	5.87
1538.00	3.80
1539.00	3.93
1540.00	4.93
1541.00	4.20
1542.00	3.53
1543.00	3.80
1544.00	5.47
1545.00	6.00
1546.00	5.20
1547.00	6.47
1548.00	7.47
1549.00	7.67
1550.00	8.93
1551.00	13.73
1552.00	90.80
1553.00	459.20
1554.00	883.53
1555.00	1116.27
1556.00	875.87
1557.00	548.07
1558.00	357.73
1559.00	215.73
1560.00	118.40
1561.00	61.40
1562.00	34.73
1563.00	20.27
1564.00	13.80
1565.00	10.47
1566.00	7.80
1567.00	8.53
1568.00	9.07
1569.00	8.00
1570.00	6.47
1571.00	7.67
1572.00	6.87
1573.00	5.67
1574.00	5.33
1575.00	6.00
1576.00	5.27
1577.00	7.27
1578.00	8.87
1579.00	12.73
1580.00	14.93
1581.00	16.27
1582.00	12.60
1583.00	12.40
1584.00	17.07
1585.00	23.40
1586.00	38.47
1587.00	228.47
1588.00	966.60
1589.00	1588.20
1590.00	1968.40
1591.00	1403.87
1592.00	843.20
1593.00	502.33
1594.00	285.87
1595.00	156.47
1596.00	87.27
1597.00	50.73
1598.00	30.33
1599.00	20.33
1600.00	12.80
1601.00	10.33
1602.00	10.20
1603.00	10.00
1604.00	10.33
1605.00	10.80
1606.00	12.67
1607.00	10.93
1608.00	9.67
1609.00	9.87
1610.00	8.60
1611.00	8.93
1612.00	8.13
1613.00	8.40
1614.00	9.47
1615.00	12.27
1616.00	13.67
1617.00	17.40
1618.00	18.67
1619.00	20.67
1620.00	21.40
1621.00	23.00
1622.00	26.73
1623.00	37.13
1624.00	73.07
1625.00	510.00
1626.00	1839.00
1627.00	3175.33
1628.00	3739.93
1629.00	2955.00
1630.00	2384.67
1631.00	2176.07
1632.00	1731.40
1633.00	947.13
1634.00	557.20
1635.00	331.13
1636.00	199.93
1637.00	121.27
1638.00	75.93
1639.00	46.07
1640.00	29.33
1641.00	20.40
1642.00	15.27
1643.00	13.47
1644.00	13.07
1645.00	11.67
1646.00	10.80
1647.00	11.13
1648.00	11.53
1649.00	10.80
1650.00	9.47
1651.00	11.07
1652.00	12.47
1653.00	13.93
1654.00	13.00
1655.00	12.73
1656.00	12.80
1657.00	13.67
1658.00	16.00
1659.00	21.80
1660.00	24.27
1661.00	26.40
1662.00	28.67
1663.00	34.00
1664.00	44.00
1665.00	67.87
1666.00	200.07
1667.00	1603.73
1668.00	3973.07
1669.00	3972.40
1670.00	3971.87
1671.00	3973.20
1672.00	3475.20
1673.00	1031.00
1674.00	634.93
1675.00	423.67
1676.00	297.40
1677.00	191.47
1678.00	112.33
1679.00	59.47
1680.00	34.47
1681.00	26.13
1682.00	20.27
1683.00	16.93
1684.00	16.80
1685.00	15.47
1686.00	14.07
1687.00	15.13
1688.00	15.60
1689.00	19.47
1690.00	20.53
1691.00	21.73
1692.00	24.20
1693.00	33.60
1694.00	62.07
1695.00	404.60
1696.00	2089.53
1697.00	3387.33
1698.00	3837.53
1699.00	2581.60
1700.00	1203.33
1701.00	664.07
1702.00	424.47
1703.00	286.93
1704.00	199.93
1705.00	138.13
1706.00	87.33
1707.00	45.87
1708.00	28.07
1709.00	18.60
1710.00	15.00
1711.00	11.53
1712.00	7.73
1713.00	8.33
1714.00	7.07
1715.00	5.87
1716.00	5.53
1717.00	6.20
1718.00	5.80
1719.00	5.27
1720.00	5.33
1721.00	5.33
1722.00	3.27
1723.00	4.00
1724.00	5.73
1725.00	4.40
1726.00	4.33
1727.00	4.40
1728.00	3.67
1729.00	2.27
1730.00	1.93
1731.00	3.27
1732.00	3.67
1733.00	4.27
1734.00	3.47
1735.00	3.93
1736.00	3.73
1737.00	3.13
1738.00	4.33
1739.00	2.87
1740.00	3.93
1741.00	5.67
1742.00	2.80
1743.00	4.33
1744.00	4.27
1745.00	3.73
1746.00	4.47
1747.00	4.40
1748.00	3.00
1749.00	3.53
1750.00	4.40
1751.00	5.13
1752.00	5.07
1753.00	3.40
1754.00	4.80
1755.00	3.87
1756.00	5.13
1757.00	3.33
1758.00	4.27
1759.00	4.00
1760.00	6.20
1761.00	6.47
1762.00	7.07
1763.00	6.27
1764.00	8.13
1765.00	9.40
1766.00	14.00
1767.00	73.27
1768.00	394.20
1769.00	773.40
1770.00	1068.00
1771.00	803.27
1772.00	368.67
1773.00	230.53
1774.00	156.20
1775.00	112.47
1776.00	84.73
1777.00	63.27
1778.00	46.53
1779.00	31.93
1780.00	22.20
1781.00	15.20
1782.00	12.27
1783.00	10.80
1784.00	13.33
1785.00	20.67
1786.00	109.07
1787.00	431.00
1788.00	744.87
1789.00	1072.40
1790.00	1167.20
1791.00	982.67
1792.00	1006.40
1793.00	674.13
1794.00	358.33
1795.00	233.87
1796.00	160.27
1797.00	112.67
1798.00	79.60
1799.00	55.60
1800.00	37.53
1801.00	25.13
1802.00	16.67
1803.00	9.93
1804.00	8.60
1805.00	7.00
1806.00	5.67
1807.00	5.60
1808.00	7.13
1809.00	5.47
1810.00	7.13
1811.00	8.20
1812.00	8.60
1813.00	9.80
1814.00	11.00
1815.00	12.47
1816.00	16.40
1817.00	33.87
1818.00	175.07
1819.00	556.80
1820.00	841.27
1821.00	1026.33
1822.00	1085.87
1823.00	1405.40
1824.00	1689.73
1825.00	1768.20
1826.00	1078.20
1827.00	644.93
1828.00	470.60
1829.00	348.47
1830.00	246.00
1831.00	175.73
1832.00	120.00
1833.00	78.73
1834.00	50.20
1835.00	29.47
1836.00	17.73
1837.00	11.87
1838.00	9.20
1839.00	7.60
1840.00	5.53
1841.00	5.67
1842.00	5.47
1843.00	4.47
1844.00	4.07
1845.00	4.80
1846.00	3.73
1847.00	4.27
1848.00	4.00
1849.00	3.20
1850.00	4.27
1851.00	3.27
1852.00	3.80
1853.00	2.80
1854.00	3.07
1855.00	2.93
1856.00	3.13
1857.00	3.80
1858.00	3.87
1859.00	5.20
1860.00	4.20
1861.00	5.87
1862.00	4.73
1863.00	4.33
1864.00	5.40
1865.00	6.40
1866.00	9.40
1867.00	9.73
1868.00	12.53
1869.00	20.33
1870.00	63.27
1871.00	275.27
1872.00	805.40
1873.00	1261.67
1874.00	1540.20
1875.00	1316.00
1876.00	722.60
1877.00	501.20
1878.00	352.13
1879.00	262.67
1880.00	195.13
1881.00	140.40
1882.00	102.00
1883.00	68.13
1884.00	43.07
1885.00	23.60
1886.00	13.87
1887.00	8.80
1888.00	6.60
1889.00	4.20
1890.00	4.67
1891.00	4.20
1892.00	3.53
1893.00	3.73
1894.00	3.53
1895.00	3.47
1896.00	3.00
1897.00	2.53
1898.00	3.07
1899.00	2.20
1900.00	2.20
1901.00	3.27
1902.00	2.40
1903.00	2.40
1904.00	1.67
1905.00	1.53
1906.00	1.67
1907.00	2.87
1908.00	4.13
1909.00	2.53
1910.00	3.47
1911.00	3.13
1912.00	3.60
1913.00	4.60
1914.00	4.07
1915.00	5.53
1916.00	7.33
1917.00	13.67
1918.00	34.13
1919.00	111.00
1920.00	281.47
1921.00	467.40
1922.00	611.07
1923.00	580.73
1924.00	410.20
1925.00	434.93
1926.00	618.40
1927.00	778.93
1928.00	796.67
1929.00	580.07
1930.00	346.33
1931.00	256.13
1932.00	181.27
1933.00	134.20
1934.00	96.40
1935.00	68.60
1936.00	50.07
1937.00	33.27
1938.00	21.67
1939.00	14.13
1940.00	8.60
1941.00	5.47
1942.00	3.67
1943.00	4.20
1944.00	3.67
1945.00	3.27
1946.00	2.67
1947.00	2.87
1948.00	2.53
1949.00	2.73
1950.00	2.80
1951.00	3.00
1952.00	2.27
1953.00	2.33
1954.00	2.67
1955.00	4.73
1956.00	9.53
1957.00	29.00
1958.00	78.67
1959.00	149.60
1960.00	209.33
1961.00	224.00
1962.00	167.40
1963.00	106.33
1964.00	84.60
1965.00	68.00
1966.00	54.60
1967.00	40.20
1968.00	29.13
1969.00	22.13
1970.00	14.07
1971.00	10.00
1972.00	5.27
1973.00	3.33
1974.00	1.80
1975.00	1.33
1976.00	1.13
1977.00	2.13
1978.00	2.33
1979.00	1.93
1980.00	1.13
1981.00	1.40
1982.00	0.87
1983.00	2.20
1984.00	0.53
1985.00	1.07
1986.00	0.47
1987.00	0.87
1988.00	1.20
1989.00	1.33
1990.00	0.20
1991.00	0.53
1992.00	0.20
1993.00	0.73
1994.00	0.07
1995.00	0.80
1996.00	-0.20
1997.00	-0.80
1998.00	0.67
1999.00	0.13
2000.00	0.67
2001.00	1.87
2002.00	1.87
2003.00	1.87
2004.00	0.00
2005.00	1.27
2006.00	2.47
2007.00	3.00
2008.00	5.40
2009.00	13.53
2010.00	18.87
2011.00	19.80
2012.00	21.73
2013.00	15.87
2014.00	10.80
2015.00	11.20
2016.00	7.87
2017.00	6.80
2018.00	4.53
2019.00	4.73
2020.00	2.00
2021.00	0.93
2022.00	1.53
2023.00	1.93
2024.00	1.40
2025.00	1.33
2026.00	1.67
2027.00	0.33
2028.00	1.33
2029.00	0.87
2030.00	-0.07
2031.00	0.80
2032.00	0.60
2033.00	0.27
2034.00	1.00
2035.00	0.33
2036.00	1.40
2037.00	0.20
2038.00	0.07
2039.00	0.73
2040.00	1.40
2041.00	1.13
2042.00	1.47
2043.00	-0.20
2044.00	-0.13
2045.00	1.20
2046.00	2.07
2047.00	0.53
>>>>>End Processed Spectral Data<<<<<
